Timer,Value
"0.0000","0.0000000"
"0.00475","0"
"0.0095","0"
"0.01425","0"
"0.019","0"
"0.02375","0"
"0.0285","0"
"0.03325","0"
"0.038","0"
"0.04275","0"
"0.0475","0"
"0.05225","0"
"0.057","0"
"0.06175","0"
"0.0665","0"
"0.07125","0"
"0.076","0"
"0.08075","0"
"0.0855","0"
"0.09025","0"
"0.095","0"
"0.10475","0"
"0.1095","0"
"0.11425","0"
"0.119","0"
"0.12375","0"
"0.1285","0"
"0.13325","0"
"0.138","0"
"0.14275","0"
"0.1475","0"
"0.15225","0"
"0.157","0"
"0.16175","0"
"0.1665","0"
"0.17125","0"
"0.176","0"
"0.18075","0"
"0.1855","0"
"0.19025","0"
"0.195","0"
"0.2048","0"
"0.2096","0"
"0.2144","0"
"0.2192","0"
"0.224","0"
"0.2288","0"
"0.2336","0"
"0.2384","0"
"0.2432","0"
"0.248","0"
"0.2528","0"
"0.2576","0"
"0.2624","0"
"0.2672","0"
"0.272","0"
"0.2768","0"
"0.2816","0"
"0.2864","0"
"0.2912","0"
"0.296","0"
"0.30475","0"
"0.3095","0"
"0.31425","0"
"0.319","0"
"0.32375","0"
"0.3285","0"
"0.33325","0"
"0.338","0"
"0.34275","0"
"0.3475","0"
"0.35225","0"
"0.357","0"
"0.36175","0"
"0.3665","0"
"0.37125","0"
"0.376","0"
"0.38075","0"
"0.3855","0"
"0.39025","0"
"0.395","0"
"0.40485","0"
"0.4097","0"
"0.41455","0"
"0.4194","0"
"0.42425","0"
"0.4291","0"
"0.43395","0"
"0.4388","0"
"0.44365","0"
"0.4485","0"
"0.45335","0"
"0.4582","0"
"0.46305","0"
"0.4679","0"
"0.47275","0"
"0.4776","0"
"0.48245","0"
"0.4873","0"
"0.49215","0"
"0.497","0"
"0.5048","0"
"0.5096","0"
"0.5144","0"
"0.5192","0"
"0.524","0"
"0.5288","0"
"0.5336","0"
"0.5384","0"
"0.5432","0"
"0.548","0"
"0.5528","0"
"0.5576","0"
"0.5624","0"
"0.5672","0"
"0.572","0"
"0.5768","0"
"0.5816","0"
"0.5864","0"
"0.5912","0"
"0.596","0"
"0.60485","0"
"0.6097","0"
"0.61455","0"
"0.6194","0"
"0.62425","0"
"0.6291","0"
"0.63395","0"
"0.6388","0"
"0.64365","0"
"0.6485","0"
"0.65335","0"
"0.6582","0"
"0.66305","0"
"0.6679","0"
"0.67275","0"
"0.6776","0"
"0.68245","0"
"0.6873","0"
"0.69215","0"
"0.697","0"
"0.70475","0"
"0.7095","0"
"0.71425","0"
"0.719","0"
"0.72375","0"
"0.7285","0"
"0.73325","0"
"0.738","0"
"0.74275","0"
"0.7475","0"
"0.75225","0"
"0.757","0"
"0.76175","0"
"0.7665","0"
"0.77125","0"
"0.776","0"
"0.78075","0"
"0.7855","0"
"0.79025","0"
"0.795","0"
"0.8047","0"
"0.8094","0"
"0.8141","0"
"0.8188","0"
"0.8235","0"
"0.8282","0"
"0.8329","0"
"0.8376","0"
"0.8423","0"
"0.847","0"
"0.8517","0"
"0.8564","0"
"0.8611","0"
"0.8658","0"
"0.8705","0"
"0.8752","0"
"0.8799","0"
"0.8846","0"
"0.8893","0"
"0.894","0"
"0.9048","0"
"0.9096","0"
"0.9144","0"
"0.9192","0"
"0.924","0"
"0.9288","0"
"0.9336","0"
"0.9384","0"
"0.9432","0"
"0.948","0"
"0.9528","0"
"0.9576","0"
"0.9624","0"
"0.9672","0"
"0.972","0"
"0.9768","0"
"0.9816","0"
"0.9864","0"
"0.9912","0"
"0.996","0"
"1.00466667","0"
"1.00933333","0"
"1.014","0"
"1.01866667","0"
"1.02333333","0"
"1.028","0"
"1.03266667","0"
"1.03733333","0"
"1.042","0"
"1.04666667","0"
"1.05133333","0"
"1.056","0"
"1.06066667","0"
"1.06533333","0"
"1.07","0"
"1.07466667","0"
"1.07933333","0"
"1.084","0"
"1.08866667","0"
"1.09333333","0"
"1.098","0"
"1.10485","0"
"1.1097","0"
"1.11455","0"
"1.1194","0"
"1.12425","0"
"1.1291","0"
"1.13395","0"
"1.1388","0"
"1.14365","0"
"1.1485","0"
"1.15335","0"
"1.1582","0"
"1.16305","0"
"1.1679","0"
"1.17275","0"
"1.1776","0"
"1.18245","0"
"1.1873","0"
"1.19215","0"
"1.197","0"
"1.20471429","0"
"1.20942857","0"
"1.21414286","0"
"1.21885714","0"
"1.22357143","0"
"1.22828571","0"
"1.233","0"
"1.23771429","0"
"1.24242857","0"
"1.24714286","0"
"1.25185714","0"
"1.25657143","0"
"1.26128571","0"
"1.266","0"
"1.27071429","0"
"1.27542857","0"
"1.28014286","0"
"1.28485714","0"
"1.28957143","0"
"1.29428571","0"
"1.299","0"
"1.30510526","0"
"1.31021053","0"
"1.31531579","0"
"1.32042105","0"
"1.32552632","0"
"1.33063158","0"
"1.33573684","0"
"1.34084211","0"
"1.34594737","0"
"1.35105263","0"
"1.35615789","0"
"1.36126316","0"
"1.36636842","0"
"1.37147368","0"
"1.37657895","0"
"1.38168421","0"
"1.38678947","0"
"1.39189474","0"
"1.397","0"
"1.40478947","0"
"1.40957895","0"
"1.41436842","0"
"1.41915789","0"
"1.42394737","0"
"1.42873684","0"
"1.43352632","0"
"1.43831579","0"
"1.44310526","0"
"1.44789474","0"
"1.45268421","0"
"1.45747368","0"
"1.46226316","0"
"1.46705263","0"
"1.47184211","0"
"1.47663158","0"
"1.48142105","0"
"1.48621053","0"
"1.491","0"
"1.5","0"
"1.5","0"
"1.50515789","0"
"1.51031579","0"
"1.51547368","0"
"1.52063158","0"
"1.52578947","0"
"1.53094737","0"
"1.53610526","0"
"1.54126316","0"
"1.54642105","0"
"1.55157895","0"
"1.55673684","0"
"1.56189474","0"
"1.56705263","0"
"1.57221053","0"
"1.57736842","0"
"1.58252632","0"
"1.58768421","0"
"1.59284211","0"
"1.598","0"
"1.60463158","0"
"1.60926316","0"
"1.61389474","0"
"1.61852632","0"
"1.62315789","0"
"1.62778947","0"
"1.63242105","0"
"1.63705263","0"
"1.64168421","0"
"1.64631579","0"
"1.65094737","0"
"1.65557895","0"
"1.66021053","0"
"1.66484211","0"
"1.66947368","0"
"1.67410526","0"
"1.67873684","0"
"1.68336842","0"
"1.688","0"
"1.7","0"
"1.7","0"
"1.70495","0"
"1.7099","0"
"1.71485","0"
"1.7198","0"
"1.72475","0"
"1.7297","0"
"1.73465","0"
"1.7396","0"
"1.74455","0"
"1.7495","0"
"1.75445","0"
"1.7594","0"
"1.76435","0"
"1.7693","0"
"1.77425","0"
"1.7792","0"
"1.78415","0"
"1.7891","0"
"1.79405","0"
"1.799","0"
"1.80510526","0"
"1.81021053","0"
"1.81531579","0"
"1.82042105","0"
"1.82552632","0"
"1.83063158","0"
"1.83573684","0"
"1.84084211","0"
"1.84594737","0"
"1.85105263","0"
"1.85615789","0"
"1.86126316","0"
"1.86636842","0"
"1.87147368","0"
"1.87657895","0"
"1.88168421","0"
"1.88678947","0"
"1.89189474","0"
"1.897","0"
"1.90478947","0"
"1.90957895","0"
"1.91436842","0"
"1.91915789","0"
"1.92394737","0"
"1.92873684","0"
"1.93352632","0"
"1.93831579","0"
"1.94310526","0"
"1.94789474","0"
"1.95268421","0"
"1.95747368","0"
"1.96226316","0"
"1.96705263","0"
"1.97184211","0"
"1.97663158","0"
"1.98142105","0"
"1.98621053","0"
"1.991","0"
"2","0"
"2","0"
"2.00515789","0"
"2.01031579","0"
"2.01547368","0"
"2.02063158","0"
"2.02578947","0"
"2.03094737","0"
"2.03610526","0"
"2.04126316","0"
"2.04642105","0"
"2.05157895","0"
"2.05673684","0"
"2.06189474","0"
"2.06705263","0"
"2.07221053","0"
"2.07736842","0"
"2.08252632","0"
"2.08768421","0"
"2.09284211","0"
"2.098","0"
"2.10484211","0"
"2.10968421","0"
"2.11452632","0"
"2.11936842","0"
"2.12421053","0"
"2.12905263","0"
"2.13389474","0"
"2.13873684","0"
"2.14357895","0"
"2.14842105","0"
"2.15326316","0"
"2.15810526","0"
"2.16294737","0"
"2.16778947","0"
"2.17263158","0"
"2.17747368","0"
"2.18231579","0"
"2.18715789","0"
"2.192","0"
"2.2","0"
"2.2","0"
"2.20515789","0"
"2.21031579","0"
"2.21547368","0"
"2.22063158","0"
"2.22578947","0"
"2.23094737","0"
"2.23610526","0"
"2.24126316","0"
"2.24642105","0"
"2.25157895","0"
"2.25673684","0"
"2.26189474","0"
"2.26705263","0"
"2.27221053","0"
"2.27736842","0"
"2.28252632","0"
"2.28768421","0"
"2.29284211","0"
"2.298","0"
"2.30484211","0"
"2.30968421","0"
"2.31452632","0"
"2.31936842","0"
"2.32421053","0"
"2.32905263","0"
"2.33389474","0"
"2.33873684","0"
"2.34357895","0"
"2.34842105","0"
"2.35326316","0"
"2.35810526","0"
"2.36294737","0"
"2.36778947","0"
"2.37263158","0"
"2.37747368","0"
"2.38231579","0"
"2.38715789","0"
"2.392","0"
"2.40471429","0"
"2.40942857","0"
"2.41414286","0"
"2.41885714","0"
"2.42357143","0"
"2.42828571","0"
"2.433","0"
"2.43771429","0"
"2.44242857","0"
"2.44714286","0"
"2.45185714","0"
"2.45657143","0"
"2.46128571","0"
"2.466","0"
"2.47071429","0"
"2.47542857","0"
"2.48014286","0"
"2.48485714","0"
"2.48957143","0"
"2.49428571","0"
"2.499","0"
"2.50468421","0"
"2.50936842","0"
"2.51405263","0"
"2.51873684","0"
"2.52342105","0"
"2.52810526","0"
"2.53278947","0"
"2.53747368","0"
"2.54215789","0"
"2.54684211","0"
"2.55152632","0"
"2.55621053","0"
"2.56089474","0"
"2.56557895","0"
"2.57026316","0"
"2.57494737","0"
"2.57963158","0"
"2.58431579","0"
"2.589","0"
"2.6046","0"
"2.6092","0"
"2.6138","0"
"2.6184","0"
"2.623","0"
"2.6276","0"
"2.6322","0"
"2.6368","0"
"2.6414","0"
"2.646","0"
"2.6506","0"
"2.6552","0"
"2.6598","0"
"2.6644","0"
"2.669","0"
"2.6736","0"
"2.6782","0"
"2.6828","0"
"2.6874","0"
"2.692","0"
"2.7","0"
"2.7","0"
"2.70522222","0"
"2.71044444","0"
"2.71566667","0"
"2.72088889","0"
"2.72611111","0"
"2.73133333","0"
"2.73655556","0"
"2.74177778","0"
"2.747","0"
"2.75222222","0"
"2.75744444","0"
"2.76266667","0"
"2.76788889","0"
"2.77311111","0"
"2.77833333","0"
"2.78355556","0"
"2.78877778","0"
"2.794","0"
"2.8046","0"
"2.8092","0"
"2.8138","0"
"2.8184","0"
"2.823","0"
"2.8276","0"
"2.8322","0"
"2.8368","0"
"2.8414","0"
"2.846","0"
"2.8506","0"
"2.8552","0"
"2.8598","0"
"2.8644","0"
"2.869","0"
"2.8736","0"
"2.8782","0"
"2.8828","0"
"2.8874","0"
"2.892","0"
"2.90455","0"
"2.9091","0"
"2.91365","0"
"2.9182","0"
"2.92275","0"
"2.9273","0"
"2.93185","0"
"2.9364","0"
"2.94095","0"
"2.9455","0"
"2.95005","0"
"2.9546","0"
"2.95915","0"
"2.9637","0"
"2.96825","0"
"2.9728","0"
"2.97735","0"
"2.9819","0"
"2.98645","0"
"2.991","0"
"3.00465","0"
"3.0093","0"
"3.01395","0"
"3.0186","0"
"3.02325","0"
"3.0279","0"
"3.03255","0"
"3.0372","0"
"3.04185","0"
"3.0465","0"
"3.05115","0"
"3.0558","0"
"3.06045","0"
"3.0651","0"
"3.06975","0"
"3.0744","0"
"3.07905","0"
"3.0837","0"
"3.08835","0"
"3.093","0"
"3.1046","0"
"3.1092","0"
"3.1138","0"
"3.1184","0"
"3.123","0"
"3.1276","0"
"3.1322","0"
"3.1368","0"
"3.1414","0"
"3.146","0"
"3.1506","0"
"3.1552","0"
"3.1598","0"
"3.1644","0"
"3.169","0"
"3.1736","0"
"3.1782","0"
"3.1828","0"
"3.1874","0"
"3.192","0"
"3.2047","0"
"3.2094","0"
"3.2141","0"
"3.2188","0"
"3.2235","0"
"3.2282","0"
"3.2329","0"
"3.2376","0"
"3.2423","0"
"3.247","0"
"3.2517","0"
"3.2564","0"
"3.2611","0"
"3.2658","0"
"3.2705","0"
"3.2752","0"
"3.2799","0"
"3.2846","0"
"3.2893","0"
"3.294","0"
"3.3046","0"
"3.3092","0"
"3.3138","0"
"3.3184","0"
"3.323","0"
"3.3276","0"
"3.3322","0"
"3.3368","0"
"3.3414","0"
"3.346","0"
"3.3506","0"
"3.3552","0"
"3.3598","0"
"3.3644","0"
"3.369","0"
"3.3736","0"
"3.3782","0"
"3.3828","0"
"3.3874","0"
"3.392","0"
"3.4047","0"
"3.4094","0"
"3.4141","0"
"3.4188","0"
"3.4235","0"
"3.4282","0"
"3.4329","0"
"3.4376","0"
"3.4423","0"
"3.447","0"
"3.4517","0"
"3.4564","0"
"3.4611","0"
"3.4658","0"
"3.4705","0"
"3.4752","0"
"3.4799","0"
"3.4846","0"
"3.4893","0"
"3.494","0"
"3.50465","0"
"3.5093","0"
"3.51395","0"
"3.5186","0"
"3.52325","0"
"3.5279","0"
"3.53255","0"
"3.5372","0"
"3.54185","0"
"3.5465","0"
"3.55115","0"
"3.5558","0"
"3.56045","0"
"3.5651","0"
"3.56975","0"
"3.5744","0"
"3.57905","0"
"3.5837","0"
"3.58835","0"
"3.593","0"
"3.60475","0"
"3.6095","0"
"3.61425","0"
"3.619","0"
"3.62375","0"
"3.6285","0"
"3.63325","0"
"3.638","0"
"3.64275","0"
"3.6475","0"
"3.65225","0"
"3.657","0"
"3.66175","0"
"3.6665","0"
"3.67125","0"
"3.676","0"
"3.68075","5.23549691743808E-05"
"3.6855","5.81124383487615E-05"
"3.69025","4.05711575231435E-05"
"3.695","-2.68873302476441E-07"
"3.70465","-0.000272571620137687"
"3.7093","-0.000495017860840675"
"3.71395","-0.000626231101543632"
"3.7186","-0.000666211342246609"
"3.72325","-0.000706191582949587"
"3.7279","-0.00074617182365256"
"3.73255","-0.000923001564355545"
"3.7372","-0.00123668080505848"
"3.74185","-0.00127666104576146"
"3.7465","-0.00104294228646442"
"3.75115","-0.000763607027167403"
"3.7558","-0.000438655267870359"
"3.76045","-0.000296169508573353"
"3.7651","-0.00033614974927633"
"3.76975","-0.000376129989979308"
"3.7744","-0.000416110230682281"
"3.77905","-0.000113966721385239"
"3.7837","0.000530300537911699"
"3.78835","0.00101491004720875"
"3.793","0.00133986180650579"
"3.8048","0.00135416457203373"
"3.8096","0.00103036664614679"
"3.8144","0.000871376720259853"
"3.8192","0.000877194794372911"
"3.824","0.00088301286848597"
"3.8288","0.000888830942599028"
"3.8336","0.00103591301671208"
"3.8384","0.00132425909082514"
"3.8432","0.00170678116493819"
"3.848","0.00218347923905124"
"3.8528","0.0022363853131643"
"3.8576","0.0018654993872774"
"3.8624","0.00137689346139042"
"3.8672","0.000770567535503488"
"3.872","0.000164241609616556"
"3.8768","-0.000442084316270433"
"3.8816","-0.000695250242157347"
"3.8864","-0.000595256168044282"
"3.8912","-0.000589438093931224"
"3.896","-0.000677796019818164"
"3.9047","-0.000837944760488241"
"3.9094","-0.000924461896252549"
"3.9141","-0.000895711532016848"
"3.9188","-0.000751693667781141"
"3.9235","-0.000607675803545434"
"3.9282","-0.00046365793930974"
"3.9329","-0.000573228575074041"
"3.9376","-0.000936387710838315"
"3.9423","-0.00109206534660263"
"3.947","-0.00104026148236693"
"3.9517","-0.00101151111813123"
"3.9564","-0.00100581425389553"
"3.9611","-0.000884849889659822"
"3.9658","-0.000648618025424111"
"3.9705","-0.000412386161188424"
"3.9752","-0.000176154296952736"
"3.9799","6.00775672829968E-05"
"3.9846","0.000296309431518685"
"3.9893","0.000532541295754395"
"3.994","0.000768773159990105"
"4.0048","0.0015764738267445"
"4.0096","0.0020531719008575"
"4.0144","0.00234151797497058"
"4.0192","0.00244151204908363"
"4.024","0.00254150612319669"
"4.0288","0.00264150019730976"
"4.0336","0.00333009427142274"
"4.0384","0.00460728834553589"
"4.0432","0.00588448241964881"
"4.048","0.00716167649376196"
"4.0528","0.00737939056787504"
"4.0576","0.00653762464198819"
"4.0624","0.0060019307161012"
"4.0672","0.00577230879021429"
"4.072","0.00554268686432733"
"4.0768","0.00531306493844037"
"4.0816","0.00505989901255346"
"4.0864","0.00478318908666649"
"4.0912","0.00497735916077953"
"4.096","0.00564240923489264"
"4.1047","0.00659177149422257"
"4.1094","0.00696632435845825"
"4.1141","0.00708728872269397"
"4.1188","0.00695466458692968"
"4.1235","0.00682204045116539"
"4.1282","0.0066894163154011"
"4.1329","0.00556549167963687"
"4.1376","0.00345026654387231"
"4.1423","0.00145030890810776"
"4.147","-0.000434381227656422"
"4.1517","-0.00275708786342057"
"4.1564","-0.0055178109991847"
"4.1611","-0.00193882163494855"
"4.1658","0.00797988022928653"
"4.1705","0.0178985820935216"
"4.1752","0.0278172839577586"
"4.1799","0.0377359858219936"
"4.1846","0.0476546876862306"
"4.1893","0.0559135375504658"
"4.194","0.0625125354147011"
"4.2048","0.0826557460814566"
"4.2096","0.0938214201555684"
"4.2144","0.097523646229681"
"4.2192","0.0937624243037938"
"4.224","0.0900012023779066"
"4.2288","0.0862399804520193"
"4.2336","0.0825258465261328"
"4.2384","0.0788588006002463"
"4.2432","0.0781112106743593"
"4.248","0.0802830767484725"
"4.2528","0.0787585348225854"
"4.2576","0.0735375848966991"
"4.2624","0.0697999069708125"
"4.2672","0.0675455010449254"
"4.272","0.0652910951190383"
"4.2768","0.0630366891931512"
"4.2816","0.0642432512672641"
"4.2864","0.0689107813413767"
"4.2912","0.0759091674154903"
"4.296","0.085238409489604"
"4.30475","0.0993692841038727"
"4.3095","0.105479314073047"
"4.31425","0.107046087792221"
"4.319","0.104069605261396"
"4.32375","0.10109312273057"
"4.3285","0.0981166401997444"
"4.33325","0.0950236639189191"
"4.338","0.0918141938880931"
"4.34275","0.0934741626072673"
"4.3475","0.100003570076442"
"4.35225","0.105414637545616"
"4.357","0.109707365014791"
"4.36175","0.108082209983966"
"4.3665","0.100539172453139"
"4.37125","0.0929961349223143"
"4.376","0.0854530973914879"
"4.38075","0.0788886073606629"
"4.3855","0.0733026648298367"
"4.39025","0.0710950410490113"
"4.395","0.0722657360181855"
"4.40485","0.0617451686911039"
"4.4097","0.0501894718701572"
"4.41455","0.0457467607992087"
"4.4194","0.0484170354782601"
"4.42425","0.051087310157312"
"4.4291","0.0537575848363639"
"4.43395","0.0646113615154141"
"4.4388","0.0836486401944703"
"4.44365","0.0955967223735205"
"4.4485","0.100455608052572"
"4.45335","0.105314493731624"
"4.4582","0.110173379410676"
"4.46305","0.111654191589727"
"4.4679","0.109756930268779"
"4.47275","0.107859668947831"
"4.4776","0.105962407626882"
"4.48245","0.107752480055934"
"4.4873","0.113229886234986"
"4.49215","0.117636776164037"
"4.497","0.120973149843089"
"4.50475","0.126570564858584"
"4.5095","0.130164329827758"
"4.51425","0.134992928546932"
"4.519","0.141056361016107"
"4.52375","0.147119793485281"
"4.5285","0.153183225954456"
"4.53325","0.15628771717363"
"4.538","0.156433267142805"
"4.54275","0.157976742111979"
"4.5475","0.160918142081154"
"4.55225","0.161576264550328"
"4.557","0.159951109519502"
"4.56175","0.161704273238676"
"4.5665","0.16683575570785"
"4.57125","0.171967238177025"
"4.576","0.177098720646199"
"4.58075","0.180133315615374"
"4.5855","0.181071023084548"
"4.59025","0.181496158053723"
"4.595","0.181408720522897"
"4.60485","0.181227402695816"
"4.6097","0.181138124374868"
"4.61455","0.18283303980392"
"4.6194","0.186312148982971"
"4.62425","0.190052939912023"
"4.6291","0.194055412591075"
"4.63395","0.196273691520127"
"4.6388","0.196707776699178"
"4.64365","0.19918773737823"
"4.6485","0.203713573557282"
"4.65335","0.209167190486334"
"4.6582","0.215548588165385"
"4.66305","0.220692944844437"
"4.6679","0.224600260523488"
"4.67275","0.22850757620254"
"4.6776","0.232414891881592"
"4.68245","0.235822633310644"
"4.6873","0.238730800489696"
"4.69215","0.243161479668747"
"4.697","0.249114670847799"
"4.7046","0.258145158798478"
"4.7092","0.263430476452837"
"4.7138","0.265466722107195"
"4.7184","0.264253895761553"
"4.723","0.265207117415912"
"4.7276","0.26832638707027"
"4.7322","0.272212798724628"
"4.7368","0.276866352378987"
"4.7414","0.279173354033345"
"4.746","0.279133803687703"
"4.7506","0.279161942342062"
"4.7552","0.27925776999642"
"4.7598","0.281068385650779"
"4.7644","0.284593789305136"
"4.769","0.289991921959496"
"4.7736","0.297262783613854"
"4.7782","0.301397388268212"
"4.7828","0.302395735922571"
"4.7874","0.304161225576929"
"4.792","0.306693857231287"
"4.8","0.312118674021476"
"4.8049","0.316066271305466"
"4.8098","0.320614731089457"
"4.8147","0.325764053373447"
"4.8196","0.330504789157438"
"4.8245","0.334836938441428"
"4.8294","0.338496121725418"
"4.8343","0.341482339009409"
"4.8392","0.345694315793399"
"4.8441","0.35113205207739"
"4.849","0.35668996086138"
"4.8539","0.36236804214537"
"4.8588","0.369368020929362"
"4.8637","0.377689897213351"
"4.8686","0.380483838497342"
"4.8735","0.377749844781332"
"4.8784","0.375953196565323"
"4.8833","0.375093893849313"
"4.8882","0.375364212633304"
"4.8931","0.376764152917294"
"4.898","0.378404438201285"
"4.90484211","0.381030454379324"
"4.90968421","0.383055116025296"
"4.91452632","0.385246035699488"
"4.91936842","0.388790729377459"
"4.92421053","0.393689211700352"
"4.92905263","0.401461494467324"
"4.93389474","0.412107609781315"
"4.93873684","0.423014958614287"
"4.94357895","0.43418358601838"
"4.94842105","0.441457108274852"
"4.95326316","0.444835555426544"
"4.95810526","0.448475251106515"
"4.96294737","0.452376210348308"
"4.96778947","0.456633419041279"
"4.97263158","0.461246894769571"
"4.97747368","0.463271556415543"
"4.98231579","0.462707412341935"
"4.98715789","0.462214520934907"
"4.992","0.461792880158599"
"5.0045","0.457577468893268"
"5.009","0.454934223337749"
"5.0135","0.45436579278223"
"5.018","0.455872177226712"
"5.0225","0.458614621671193"
"5.027","0.462593126115674"
"5.0315","0.464673395560155"
"5.036","0.464855430004636"
"5.0405","0.465037464449117"
"5.045","0.465219498893598"
"5.0495","0.467961943338079"
"5.054","0.47326479778256"
"5.0585","0.478567652227041"
"5.063","0.483870506671521"
"5.0675","0.488180098616002"
"5.072","0.491496428060484"
"5.0765","0.492340637504965"
"5.081","0.490712726949446"
"5.0855","0.488400568893927"
"5.09","0.485404163338408"
"5.0945","0.479450042782889"
"5.099","0.470538207227369"
"5.10510526","0.456710416666927"
"5.11021053","0.443695103096432"
"5.11531579","0.456747808632113"
"5.12042105","0.495868507780102"
"5.12552632","0.537568542539355"
"5.13063158","0.581847749549144"
"5.13573684","0.594049050874628"
"5.14084211","0.574172407582235"
"5.14594737","0.57174958953252"
"5.15105263","0.586780557791906"
"5.15615789","0.59928235472099"
"5.16126316","0.609254999853797"
"5.16636842","0.605805488491782"
"5.17147368","0.588933840168965"
"5.17657895","0.562546446045573"
"5.18168421","0.526643409494753"
"5.18678947","0.515355971138839"
"5.19189474","0.528684157084543"
"5.197","0.532471581509229"
"5.20478947","0.523693332535763"
"5.20957895","0.529266836516397"
"5.21436842","0.545811256473508"
"5.21915789","0.552136504028372"
"5.22394737","0.548242571050806"
"5.22873684","0.544419123254469"
"5.23352632","0.540666144673303"
"5.23831579","0.548800303205115"
"5.24310526","0.568821591014029"
"5.24789474","0.578882143280062"
"5.25268421","0.578981917992175"
"5.25747368","0.581430927739288"
"5.26226316","0.586229182539723"
"5.26705263","0.587127697163736"
"5.27184211","0.58412647536337"
"5.27663158","0.581125259829283"
"5.28142105","0.578124044295196"
"5.28621053","0.57937494678623"
"5.291","0.584877962078843"
"5.3","0.581313125967806"
"5.3","0.581313125967806"
"5.30515789","0.577423262470648"
"5.31031579","0.579655870310912"
"5.31547368","0.579915116687555"
"5.32063158","0.57820100260582"
"5.32578947","0.578131356126613"
"5.33094737","0.579706176979877"
"5.33610526","0.58416513213122"
"5.34126316","0.591508238870485"
"5.34642105","0.596118990724528"
"5.35157895","0.597997405571792"
"5.35673684","0.596966379975485"
"5.36189474","0.59302590993775"
"5.36705263","0.591337098629742"
"5.37221053","0.591899939503007"
"5.37736842","0.595068622681399"
"5.38252632","0.600843160451664"
"5.38768421","0.602493876603057"
"5.39284211","0.600020777536322"
"5.398","0.599799334354415"
"5.40484211","0.602492471631555"
"5.40968421","0.602854598242526"
"5.41452632","0.601672939880619"
"5.41936842","0.60234382299809"
"5.42421053","0.604867250365982"
"5.42905263","0.610311984083954"
"5.43389474","0.618678046641145"
"5.43873684","0.626497830409117"
"5.44357895","0.63377136768701"
"5.44842105","0.644488712515982"
"5.45326316","0.658649909163375"
"5.45810526","0.678463695683844"
"5.46294737","0.703930153917038"
"5.46778947","0.709351137134509"
"5.47263158","0.6947266677273"
"5.47747368","0.685659845639771"
"5.48231579","0.682150633421964"
"5.48715789","0.676836390413434"
"5.492","0.669717094664028"
"5.5","0.655953551454216"
"5.50495","0.646199091843145"
"5.5099","0.633652460982074"
"5.51485","0.618313658871003"
"5.5198","0.603946046759932"
"5.52475","0.590549624648861"
"5.5297","0.58307746153779"
"5.53465","0.581529557426719"
"5.5396","0.581826914315648"
"5.54455","0.583969532204578"
"5.5495","0.583878413093507"
"5.55445","0.581553556982436"
"5.5594","0.587823732371364"
"5.56435","0.602688939260295"
"5.5693","0.616995711899225"
"5.57425","0.630744050288154"
"5.5792","0.634999006427083"
"5.58415","0.629760580316013"
"5.5891","0.62117154870494"
"5.59405","0.609231911593869"
"5.599","0.600351522982798"
"5.60489474","0.593419380061923"
"5.60978947","0.579116157170753"
"5.61468421","0.556265807964703"
"5.61957895","0.544147347524554"
"5.62447368","0.542760778683083"
"5.62936842","0.552106095774733"
"5.63426316","0.572183301632288"
"5.63915789","0.589163350538068"
"5.64405263","0.603046311873017"
"5.64894737","0.616977290607368"
"5.65384211","0.630956286741117"
"5.65873684","0.642462363298697"
"5.66363158","0.65149556729425"
"5.66852632","0.660360710391899"
"5.67342105","0.66905777482343"
"5.67831579","0.681116074981181"
"5.68321053","0.696535593096932"
"5.68810526","0.702255584847862"
"5.693","0.698276073606014"
"5.70455","0.675912237096847"
"5.7091","0.661991476146266"
"5.71365","0.651529966445688"
"5.7182","0.644527707995108"
"5.72275","0.633396665794527"
"5.7273","0.618136839843944"
"5.73185","0.606648713643363"
"5.7364","0.598932287192784"
"5.74095","0.595657092992204"
"5.7455","0.596823131041624"
"5.75005","0.593034628591043"
"5.7546","0.584291585640463"
"5.75915","0.582444727439883"
"5.7637","0.587494053989302"
"5.76825","0.596739117538722"
"5.7728","0.610179918088142"
"5.77735","0.618822402387562"
"5.7819","0.622666570436981"
"5.78645","0.6259751124864"
"5.791","0.62874802853582"
"5.8","0.633747322424782"
"5.8","0.633747322424782"
"5.80515789","0.636334118242825"
"5.81031579","0.638920919076089"
"5.81547368","0.639913849515783"
"5.82063158","0.639312913412047"
"5.82578947","0.63471466530229"
"5.83094737","0.626119087356555"
"5.83610526","0.613956303562247"
"5.84126316","0.59822626675751"
"5.84642105","0.582243265945255"
"5.85157895","0.566007239150518"
"5.85673684","0.543724675176213"
"5.86189474","0.515395487620479"
"5.86705263","0.48979869563722"
"5.87221053","0.466934199973483"
"5.87736842","0.447409276098228"
"5.88252632","0.431223848302491"
"5.88768421","0.413672281562332"
"5.89284211","0.394754507820601"
"5.898","0.387095026206394"
"5.90484211","0.391868917555633"
"5.90968421","0.401303735357605"
"5.91452632","0.416794962779799"
"5.91936842","0.437748773324267"
"5.92421053","0.464165253539461"
"5.92905263","0.487921623142934"
"5.93389474","0.509017980258923"
"5.93873684","0.526884225738396"
"5.94357895","0.541520433376789"
"5.94842105","0.551477762189761"
"5.95326316","0.556756253305454"
"5.95810526","0.565573558094424"
"5.96294737","0.577929712976017"
"5.96778947","0.580144378625988"
"5.97263158","0.57221756419188"
"5.97747368","0.557878130993351"
"5.98231579","0.537126019802246"
"5.98715789","0.524591624641714"
"5.992","0.520274893739207"
"6","0.511102430529396"
"6.0049","0.504234502813387"
"6.0098","0.495395746097376"
"6.0147","0.484586160381368"
"6.0196","0.478054715665357"
"6.0245","0.475801411949348"
"6.0294","0.472754969733338"
"6.0343","0.468915389017328"
"6.0392","0.470892157301319"
"6.0441","0.478685274585309"
"6.049","0.4861899778693"
"6.0539","0.493406267153289"
"6.0588","0.49749807143728"
"6.0637","0.49846539072127"
"6.0686","0.506546922005261"
"6.0735","0.521742665289252"
"6.0784","0.531290301073241"
"6.0833","0.535189829357232"
"6.0882","0.538560598641222"
"6.0931","0.541402608925213"
"6.098","0.547369104209202"
"6.10489474","0.5601609298017"
"6.10978947","0.56115121737458"
"6.11468421","0.554050575171731"
"6.11957895","0.550983394518481"
"6.12447368","0.551949673440711"
"6.12936842","0.552915954337062"
"6.13426316","0.553882235233413"
"6.13915789","0.549422559108743"
"6.14405263","0.539536907740695"
"6.14894737","0.532940448231546"
"6.15384211","0.529633180581297"
"6.15873684","0.523636950815027"
"6.16363158","0.514951734431976"
"6.16852632","0.509819805604528"
"6.17342105","0.508241167557858"
"6.17831579","0.509519561550308"
"6.18321053","0.513654990807059"
"6.18810526","0.515725667659189"
"6.193","0.51573160056754"
"6.20471429","0.521434200096633"
"6.20942857","0.526018375862839"
"6.21414286","0.531735617383116"
"6.21885714","0.538585900402522"
"6.22357143","0.544210647552999"
"6.22828571","0.548609834972005"
"6.233","0.548615549157132"
"6.23771429","0.544227780776759"
"6.24242857","0.539192562488565"
"6.24714286","0.533509872930992"
"6.25185714","0.545539829671998"
"6.25657143","0.575282483747825"
"6.26128571","0.62019411920363"
"6.266","0.680274926573856"
"6.27071429","0.710133198611933"
"6.27542857","0.709768936090539"
"6.28014286","0.709404672796466"
"6.28485714","0.709040410275072"
"6.28957143","0.708768641350799"
"6.29428571","0.708589367176606"
"6.299","0.697773240095133"
"6.30489474","0.670948471780659"
"6.30978947","0.642096006595588"
"6.31468421","0.606665098746738"
"6.31957895","0.590873307252489"
"6.32447368","0.594720624252718"
"6.32936842","0.598567949113069"
"6.33426316","0.602415273973421"
"6.33915789","0.6083993608815"
"6.34405263","0.616520234288451"
"6.34894737","0.612780810043602"
"6.35384211","0.597181088146953"
"6.35873684","0.577067771798482"
"6.36363158","0.552440778814632"
"6.36852632","0.540802492368483"
"6.37342105","0.542152909701113"
"6.37831579","0.543503329792663"
"6.38321053","0.544853749884214"
"6.38810526","0.554006978678095"
"6.393","0.570963053574643"
"6.4046","0.589127575920417"
"6.4092","0.587598867574775"
"6.4138","0.589048475229134"
"6.4184","0.593476398883491"
"6.423","0.601897973537851"
"6.4276","0.614313199192209"
"6.4322","0.626728424846567"
"6.4368","0.639143650500925"
"6.4414","0.648490308155284"
"6.446","0.654768397809642"
"6.4506","0.655721619464"
"6.4552","0.65134997311836"
"6.4598","0.646301436772717"
"6.4644","0.640576010427077"
"6.469","0.638325286081435"
"6.4736","0.639549263735793"
"6.4782","0.640773241390151"
"6.4828","0.64199721904451"
"6.4874","0.641889979698868"
"6.492","0.640451523353226"
"6.5","0.640343500143415"
"6.50473684","0.641696825272969"
"6.50947368","0.641586395789924"
"6.51421053","0.640012208370999"
"6.51894737","0.640691741694754"
"6.52368421","0.643624992437908"
"6.52842105","0.646558243181062"
"6.53315789","0.649491493924217"
"6.53789474","0.648776973727543"
"6.54263158","0.644414685607897"
"6.54736842","0.641121170697451"
"6.55210526","0.638896428996206"
"6.55684211","0.638274845796531"
"6.56157895","0.639256423722886"
"6.56631579","0.64290993467224"
"6.57105263","0.649235378644595"
"6.57578947","0.655560822616949"
"6.58052632","0.661886279943024"
"6.58526316","0.667352058507979"
"6.59","0.671958171665533"
"6.6046","0.678062973307628"
"6.6092","0.677436784961986"
"6.6138","0.678141813616345"
"6.6184","0.680178059270702"
"6.623","0.681785607925061"
"6.6276","0.682964459579419"
"6.6322","0.684143311233778"
"6.6368","0.685322162888136"
"6.6414","0.682755556542494"
"6.646","0.676443492196853"
"6.6506","0.685564519851213"
"6.6552","0.710118639505566"
"6.6598","0.726662894159927"
"6.6644","0.735197283814284"
"6.669","0.745311083468642"
"6.6736","0.757004293123003"
"6.6782","0.768697502777359"
"6.6828","0.780390712431719"
"6.6874","0.783058722086077"
"6.692","0.776701531740434"
"6.70455","0.799246880080042"
"6.7091","0.821882593629462"
"6.71365","0.823919023928882"
"6.7182","0.805356170978301"
"6.72275","0.799313575777721"
"6.7273","0.805791238327142"
"6.73185","0.812268900876561"
"6.7364","0.81874656342598"
"6.74095","0.821385572975399"
"6.7455","0.820185929524819"
"6.75005","0.819655818574239"
"6.7546","0.819795240123658"
"6.75915","0.812190402423078"
"6.7637","0.796841305472497"
"6.76825","0.791535196021917"
"6.7728","0.796272074071337"
"6.77735","0.801008952120756"
"6.7819","0.805745830170175"
"6.78645","0.815236388969595"
"6.791","0.829480628519018"
"6.80465","0.855207221667275"
"6.8093","0.858177930426573"
"6.81395","0.86260836718587"
"6.8186","0.868498531945166"
"6.82325","0.870693760204463"
"6.8279","0.86919405196376"
"6.83255","0.867694343723057"
"6.8372","0.866194635482354"
"6.84185","0.867865273991651"
"6.8465","0.872706259250948"
"6.85115","0.874559363760245"
"6.8558","0.873424587519542"
"6.86045","0.870852891528839"
"6.8651","0.866844275788136"
"6.86975","0.864112922047433"
"6.8744","0.86265883030673"
"6.87905","0.861204738566027"
"6.8837","0.859750646825324"
"6.88835","0.857338608584621"
"6.893","0.853968623843919"
"6.90455","0.853642707084753"
"6.9091","0.856683436134173"
"6.91365","0.860594557433592"
"6.9182","0.865376070983012"
"6.92275","0.867881174032431"
"6.9273","0.868109866581851"
"6.93185","0.868338559131271"
"6.9364","0.86856725168069"
"6.94095","0.86718906623011"
"6.9455","0.864204002779529"
"6.95005","0.865303087578949"
"6.9546","0.870486320628369"
"6.95915","0.874933067927788"
"6.9637","0.878643329477208"
"6.96825","0.880344993526628"
"6.9728","0.880038060076048"
"6.97735","0.879731126625467"
"6.9819","0.879424193174887"
"6.98645","0.881773071974307"
"6.991","0.886777763023726"
"7.0045","0.89487266135717"
"7.009","0.895319565801651"
"7.0135","0.895611962746132"
"7.018","0.895749852190613"
"7.0225","0.887169104135093"
"7.027","0.869869718579574"
"7.0315","0.856587528024054"
"7.036","0.847322532468537"
"7.0405","0.849248294413018"
"7.045","0.862364813857499"
"7.0495","0.86367254580198"
"7.054","0.853171490246461"
"7.0585","0.842515927190941"
"7.063","0.831705856635424"
"7.0675","0.832196906079905"
"7.072","0.843989075524387"
"7.0765","0.855781244968868"
"7.081","0.867573414413349"
"7.0855","0.878637191357829"
"7.09","0.88897257580231"
"7.1046","0.893072213444404"
"7.1092","0.885090487098764"
"7.1138","0.887397488753123"
"7.1184","0.899993218407478"
"7.123","0.899479845061837"
"7.1276","0.885857368716195"
"7.1322","0.872234892370554"
"7.1368","0.858612416024912"
"7.1414","0.851600898679271"
"7.146","0.851200340333629"
"7.1506","0.849919824987987"
"7.1552","0.847759352642346"
"7.1598","0.850449925296705"
"7.1644","0.857991542951061"
"7.169","0.86047904860542"
"7.1736","0.857912442259778"
"7.1782","0.855345835914136"
"7.1828","0.852779229568494"
"7.1874","0.850551068222853"
"7.192","0.848661351877211"
"7.20475","0.846863182386574"
"7.2095","0.847474707355749"
"7.21425","0.851045173574923"
"7.219","0.857574581044098"
"7.22375","0.861774113513272"
"7.2285","0.863643770982446"
"7.23325","0.86551342845162"
"7.238","0.867383085920795"
"7.24275","0.868553780889969"
"7.2475","0.869025513359144"
"7.25225","0.868705088328318"
"7.257","0.867592505797492"
"7.26175","0.866316832016667"
"7.2665","0.864878066985841"
"7.27125","0.863206314455016"
"7.276","0.86130157442419"
"7.28075","0.859396834393364"
"7.2855","0.857492094362539"
"7.29025","0.855074781831713"
"7.295","0.852144896800887"
"7.30465","0.848843266054052"
"7.3093","0.848529586813349"
"7.31395","0.848968579822646"
"7.3186","0.850160245081943"
"7.32325","0.85162560934124"
"7.3279","0.853364672600537"
"7.33255","0.855103735859834"
"7.3372","0.856842799119131"
"7.34185","0.861957483378428"
"7.3465","0.870447788637725"
"7.35115","0.879713574397021"
"7.3558","0.88975484065632"
"7.36045","0.894641442415617"
"7.3651","0.894373379674914"
"7.36975","0.893945659184211"
"7.3744","0.893358280943508"
"7.37905","0.892770902702805"
"7.3837","0.892183524462102"
"7.38835","0.889908335721399"
"7.393","0.885945336480696"
"7.40455","0.885279503221531"
"7.4091","0.88863268077095"
"7.41365","0.89049056907037"
"7.4182","0.890853168119789"
"7.42275","0.886082684669209"
"7.4273","0.876179118718629"
"7.43185","0.866275552768046"
"7.4364","0.856371986817468"
"7.44095","0.864523480616888"
"7.4455","0.890730034166307"
"7.45005","0.878572375465727"
"7.4546","0.828050504515146"
"7.45915","0.80370735431457"
"7.4637","0.80554292486399"
"7.46825","0.80853901841341"
"7.4728","0.812695634962829"
"7.47735","0.816852251512249"
"7.4819","0.821008868061668"
"7.48645","0.833579276361088"
"7.491","0.854563476410508"
"7.50465","0.891069542808767"
"7.5093","0.894496416568065"
"7.51395","0.897444317077361"
"7.5186","0.899913244336659"
"7.52325","0.904320872845956"
"7.5279","0.910667202605252"
"7.53255","0.91701353236455"
"7.5372","0.923359862123846"
"7.54185","0.924984884133143"
"7.5465","0.92188859839244"
"7.55115","0.917902790901738"
"7.5558","0.913027461661034"
"7.56045","0.910706656420331"
"7.5651","0.910940375179628"
"7.56975","0.917514787438925"
"7.5744","0.930429893198222"
"7.57905","0.943344998957521"
"7.5837","0.956260104716815"
"7.58835","0.952023406476111"
"7.593","0.930634904235409"
"7.6046","0.912270910581181"
"7.6092","0.918864882235538"
"7.6138","0.916614157889896"
"7.6184","0.905518737544257"
"7.623","0.902500871198615"
"7.6276","0.907560558852973"
"7.6322","0.912620246507331"
"7.6368","0.917679934161689"
"7.6414","0.922581680816048"
"7.646","0.927325486470406"
"7.6506","0.930128874124765"
"7.6552","0.930991843779123"
"7.6598","0.931516368433482"
"7.6644","0.93170244808784"
"7.669","0.931279326742198"
"7.6736","0.930247004396556"
"7.6782","0.929214682050915"
"7.6828","0.928182359705273"
"7.6874","0.925954198359632"
"7.692","0.92253019801399"
"7.7049","0.927671068588168"
"7.7098","0.93522384087216"
"7.7147","0.93626326365615"
"7.7196","0.93078933694014"
"7.7245","0.927142032224131"
"7.7294","0.925321349508121"
"7.7343","0.923500666792111"
"7.7392","0.921679984076102"
"7.7441","0.926156340360093"
"7.749","0.936929735644082"
"7.7539","0.943857610928073"
"7.7588","0.946939966212063"
"7.7637","0.950983701496054"
"7.7686","0.955988816780044"
"7.7735","0.958446275064035"
"7.7784","0.958356076348025"
"7.7833","0.958265877632016"
"7.7882","0.958175678916006"
"7.7931","0.955465719699996"
"7.798","0.950135999983987"
"7.80465","0.940619531440832"
"7.8093","0.932368581200128"
"7.81395","0.925691400209425"
"7.8186","0.920587988468722"
"7.82325","0.910808885478019"
"7.8279","0.896354091237317"
"7.83255","0.881899296996612"
"7.8372","0.867444502755909"
"7.84185","0.874292614015206"
"7.8465","0.902443630774502"
"7.85115","0.915199078783799"
"7.8558","0.912558958043095"
"7.86045","0.914001514052392"
"7.8651","0.919526746811689"
"7.86975","0.924618622820986"
"7.8744","0.929277142080283"
"7.87905","0.933935661339581"
"7.8837","0.938594180598877"
"7.88835","0.938622625108174"
"7.893","0.934020994867472"
"7.90455","0.927859844858306"
"7.9091","0.927508275907726"
"7.91365","0.934231433707144"
"7.9182","0.948029318256564"
"7.92275","0.959528474555984"
"7.9273","0.968728902605403"
"7.93185","0.977929330654825"
"7.9364","0.987129758704243"
"7.94095","0.986644283253663"
"7.9455","0.976472904303082"
"7.95005","0.973532476352502"
"7.9546","0.977822999401922"
"7.95915","0.974413898701342"
"7.9637","0.963305174250759"
"7.96825","0.957284896800179"
"7.9728","0.956353066349598"
"7.97735","0.955421235899018"
"7.9819","0.954489405448438"
"7.98645","0.950566996497858"
"7.991","0.943654009047277"
"8.00465","0.940590704695536"
"8.0093","0.945568539454833"
"8.01395","0.95054637421413"
"8.0186","0.955524208973429"
"8.02325","0.959612521982725"
"8.0279","0.962811313242021"
"8.03255","0.966010104501319"
"8.0372","0.969208895760616"
"8.04185","0.973160359269913"
"8.0465","0.97786449502921"
"8.05115","0.981975616288507"
"8.0558","0.985493723047804"
"8.06045","0.9926611498071"
"8.0651","1.0034778965664"
"8.06975","1.0057187413257"
"8.0744","0.999383684084998"
"8.07905","0.993048626844293"
"8.0837","0.98671356960359"
"8.08835","0.982066322862887"
"8.093","0.979106886622184"
"8.1046","0.971269022967958"
"8.1092","0.967980400622316"
"8.1138","0.963428250276674"
"8.1184","0.957612571931033"
"8.123","0.954752646585391"
"8.1276","0.95484847423975"
"8.1322","0.954944301894108"
"8.1368","0.955040129548466"
"8.1414","0.954752386202825"
"8.146","0.954081071857183"
"8.1506","0.954267151511541"
"8.1552","0.955310625165899"
"8.1598","0.958159138820258"
"8.1644","0.962812692474614"
"8.169","0.965751458128974"
"8.1736","0.966975435783332"
"8.1782","0.96734201943769"
"8.1828","0.966851209092049"
"8.1874","0.966202457746407"
"8.192","0.965395765400765"
"8.2047","0.957624471555189"
"8.2094","0.952696719419425"
"8.2141","0.945325296283661"
"8.2188","0.935510202147897"
"8.2235","0.938512854012133"
"8.2282","0.954333251876374"
"8.2329","0.977784358240599"
"8.2376","1.00886617310484"
"8.2423","1.02152824146907"
"8.247","1.01577056333331"
"8.2517","1.00597852269754"
"8.2564","0.992152119561783"
"8.2611","0.986855511426017"
"8.2658","0.990088698290251"
"8.2705","0.990786000154487"
"8.2752","0.988947417018723"
"8.2799","0.980400265382959"
"8.2846","0.96514454524719"
"8.2893","0.95505280911143"
"8.294","0.950125056975664"
"8.3046","0.935059935222664"
"8.3092","0.926807452877022"
"8.3138","0.924782358531381"
"8.3184","0.928984652185741"
"8.323","0.9266436758401"
"8.3276","0.917759429494458"
"8.3322","0.916275847148816"
"8.3368","0.922192928803172"
"8.3414","0.933322063457535"
"8.346","0.949663251111893"
"8.3506","0.960250873766251"
"8.3552","0.965084931420609"
"8.3598","0.973190624074968"
"8.3644","0.984567951729326"
"8.369","0.991297301383684"
"8.3736","0.993378673038042"
"8.3782","0.9922786616924"
"8.3828","0.98799726734676"
"8.3874","0.987551583001119"
"8.392","0.990941608655477"
"8.4","0.996798065445666"
"8.4","0.996798065445666"
"8.40521053","0.994810884449989"
"8.41042105","0.98704768953249"
"8.41563158","0.977623232488664"
"8.42084211","0.966537528217588"
"8.42605263","0.956934186056885"
"8.43126316","0.948813169145209"
"8.43647368","0.943937983095512"
"8.44168421","0.942308609194934"
"8.44689474","0.943950614449556"
"8.45210526","0.948863989429658"
"8.45731579","0.950787128830431"
"8.46252632","0.949720023222154"
"8.46773684","0.951719831733855"
"8.47294737","0.956786562041578"
"8.47815789","0.95934863776648"
"8.48336842","0.959406068742803"
"8.48857895","0.960766939851275"
"8.49378947","0.963431245978576"
"8.499","0.9662489031171"
"8.50489474","0.969610037289423"
"8.50978947","0.969687996137603"
"8.51468421","0.967052972078954"
"8.51957895","0.965786443903205"
"8.52447368","0.965888411402035"
"8.52936842","0.966734648799886"
"8.53426316","0.968325155888437"
"8.53915789","0.971404196067867"
"8.54405263","0.975971781919217"
"8.54894737","0.975857671329068"
"8.55384211","0.971061864297419"
"8.55873684","0.967994689910449"
"8.56363158","0.9666561356356"
"8.56852632","0.965317581360751"
"8.57342105","0.96397902982058"
"8.57831579","0.965161389014232"
"8.58321053","0.968864661676382"
"8.58810526","0.971223442336312"
"8.593","0.972237740632063"
"8.6046","0.956547952977836"
"8.6092","0.94315110663219"
"8.6138","0.93704210928655"
"8.6184","0.938220960940909"
"8.623","0.926110205595267"
"8.6276","0.900709843249616"
"8.6322","0.881446616903975"
"8.6368","0.868320526558338"
"8.6414","0.872590509212697"
"8.646","0.894256564867063"
"8.6506","0.903806289521421"
"8.6552","0.90123968317578"
"8.6598","0.882156960830146"
"8.6644","0.846558122484505"
"8.669","0.83916303413886"
"8.6736","0.859971695793218"
"8.6782","0.885563713447576"
"8.6828","0.915939087101922"
"8.6874","0.935597035756288"
"8.692","0.944537559410646"
"8.7","0.964049536200833"
"8.70489474","0.978412671529786"
"8.70978947","0.991527327680917"
"8.71468421","1.00339355824107"
"8.71957895","1.01103425765402"
"8.72447368","1.01444941894255"
"8.72936842","1.0164240652263"
"8.73426316","1.01695818952805"
"8.73915789","1.02114162763738"
"8.74405263","1.02897439664793"
"8.74894737","1.03025279064038"
"8.75384211","1.02497680961473"
"8.75873684","1.02104532380436"
"8.76363158","1.01845831714511"
"8.76852632","1.01212595333266"
"8.77342105","1.00204825295589"
"8.77831579","0.991298288398641"
"8.78321053","0.979876080249794"
"8.78810526","0.971671054623724"
"8.793","0.966683177994475"
"8.8046","0.959414294340248"
"8.8092","0.958336845994606"
"8.8138","0.961388426648963"
"8.8184","0.968569036303324"
"8.823","0.970041206957683"
"8.8276","0.965804938612041"
"8.8322","0.962922450266399"
"8.8368","0.961393741920758"
"8.8414","0.960722427575117"
"8.846","0.960908507229475"
"8.8506","0.966803025883833"
"8.8552","0.978405983538191"
"8.8598","0.98594760119255"
"8.8644","0.989427878846908"
"8.869","0.995638279501266"
"8.8736","1.00457880315562"
"8.8782","1.00999949880998"
"8.8828","1.01190036646434"
"8.8874","1.0101911541187"
"8.892","1.00487186177306"
"8.9","1.00040819856325"
"8.90478947","1.00060194267676"
"8.90957895","0.999339158431994"
"8.91436842","0.996619851102106"
"8.91915789","0.992420525700168"
"8.92394737","0.986741170368203"
"8.92873684","0.981343735098418"
"8.93352632","0.97622819735205"
"8.93831579","0.969773606316513"
"8.94310526","0.961979951311028"
"8.94789474","0.954961529213262"
"8.95268421","0.948718369330875"
"8.95747368","0.945364768541538"
"8.96226316","0.944900725876372"
"8.96705263","0.943379528414335"
"8.97184211","0.940801169803169"
"8.97663158","0.939561880545332"
"8.98142105","0.939661655257445"
"8.98621053","0.956769927343477"
"8.991","0.99088662536238"
"9.0046","1.1654112379057"
"9.0092","1.25070495356006"
"9.0138","1.29777694721442"
"9.0184","1.30662721886878"
"9.023","1.31069413452314"
"9.0276","1.30997769417749"
"9.0322","1.31731624483186"
"9.0368","1.33270978648621"
"9.0414","1.32267482714057"
"9.046","1.28721136679492"
"9.0506","1.24263245444927"
"9.0552","1.18893809010363"
"9.0598","1.147292367758"
"9.0644","1.11769528741236"
"9.069","1.09761979306671"
"9.0736","1.08706588472107"
"9.0782","1.06886311937543"
"9.0828","1.0430114970298"
"9.0874","1.03710556668415"
"9.092","1.05114532833852"
"9.10471429","1.07560726755423"
"9.10942857","1.07935899575804"
"9.11414286","1.07228889065347"
"9.11885714","1.05439698223487"
"9.12357143","1.0501479554092"
"9.12828571","1.05954182820261"
"9.133","1.06197551959498"
"9.13771429","1.05744900965991"
"9.14242857","1.06099262597312"
"9.14714286","1.07260638356815"
"9.15185714","1.10001349667015"
"9.15657143","1.14321408155187"
"9.16128571","1.15755639263288"
"9.166","1.1430404907594"
"9.17071429","1.13976265481663"
"9.17542857","1.14772286791923"
"9.18014286","1.13979718989401"
"9.18485714","1.11598565436502"
"9.18957143","1.0967294160393"
"9.19428571","1.0820285566099"
"9.199","1.07965254077268"
"9.20489474","1.0920925766508"
"9.20978947","1.08009418422203"
"9.21468421","1.04576767655939"
"9.21957895","1.02174090106804"
"9.22447368","1.00801388579247"
"9.22936842","1.00365023535542"
"9.23426316","1.00864997780137"
"9.23915789","1.01127285361845"
"9.24405263","1.0115188735238"
"9.24894737","1.01572632887965"
"9.25384211","1.023895219686"
"9.25873684","1.03307245713053"
"9.26363158","1.04325807871168"
"9.26852632","1.04705738617263"
"9.27342105","1.04447038479866"
"9.27831579","1.04879788365302"
"9.28321053","1.06003988802096"
"9.28810526","1.07394682964354"
"9.293","1.09051876534489"
"9.3046","1.11164198369067"
"9.3092","1.11282083534503"
"9.3138","1.11343561199938"
"9.3184","1.11348631365374"
"9.323","1.1125893693081"
"9.3276","1.11074477896246"
"9.3322","1.10869712161682"
"9.3368","1.10644639727118"
"9.3414","1.09860004892553"
"9.346","1.08515807657989"
"9.3506","1.07970340623425"
"9.3552","1.08223603788861"
"9.3598","1.08409177954297"
"9.3644","1.08527063119733"
"9.369","1.08520851785168"
"9.3736","1.08390543950604"
"9.3782","1.0861221891604"
"9.3828","1.09185876681476"
"9.3874","1.08705842346912"
"9.392","1.07172115912347"
"9.4","1.03041113591366"
"9.40494737","0.995812604728667"
"9.40989474","0.970775212384576"
"9.41484211","0.955298958881385"
"9.41978947","0.953460678709574"
"9.42473684","0.965260364437783"
"9.42968421","0.978030724159993"
"9.43463158","0.991771757876202"
"9.43957895","1.00374131155336"
"9.44452632","1.01393938519147"
"9.44947368","1.03894018670445"
"9.45442105","1.07874381715957"
"9.45936842","1.10282252891188"
"9.46431579","1.11117632196139"
"9.46926316","1.1110852512631"
"9.47421053","1.10254931681701"
"9.47915789","1.0979688881548"
"9.48410526","1.09734394675981"
"9.48905263","1.09710727496242"
"9.494","1.09725887276263"
"9.5046","1.08437745700963"
"9.5092","1.07305640666399"
"9.5138","1.06728585431834"
"9.5184","1.0670657999727"
"9.523","1.05903894762706"
"9.5276","1.04320529728142"
"9.5322","1.03195193593577"
"9.5368","1.02527886359013"
"9.5414","1.01903448824449"
"9.546","1.01321880989885"
"9.5506","1.00999787655321"
"9.5552","1.00937168820757"
"9.5598","1.01510826586192"
"9.5644","1.02720760951628"
"9.569","1.03386927017064"
"9.5736","1.035093247825"
"9.5782","1.04051394347936"
"9.5828","1.05013135713371"
"9.5874","1.05259629978807"
"9.592","1.04790877144243"
"9.6047","1.04256692409685"
"9.6094","1.04340254696109"
"9.6141","1.04578275432532"
"9.6188","1.04970754618956"
"9.6235","1.04959797555379"
"9.6282","1.04545404241803"
"9.6329","1.04359240578226"
"9.6376","1.0440130656465"
"9.6423","1.04551724001073"
"9.647","1.04810492887497"
"9.6517","1.04907887273921"
"9.6564","1.04843907160344"
"9.6611","1.04567834846768"
"9.6658","1.04079670333192"
"9.6705","1.03711384019615"
"9.6752","1.03462975906039"
"9.6799","1.03048582592462"
"9.6846","1.02468204078886"
"9.6893","1.01887825565309"
"9.694","1.01307447051733"
"9.70465","1.00822922211927"
"9.7093","1.00974020287856"
"9.71395","1.01115995063786"
"9.7186","1.01248846539716"
"9.72325","1.01313273265646"
"9.7279","1.01309275241575"
"9.73255","1.01624592717505"
"9.7372","1.02259225693435"
"9.74185","1.02930351869364"
"9.7465","1.03637971245294"
"9.75115","1.03891706446224"
"9.7558","1.03691557472153"
"9.76045","1.03543867473083"
"9.7651","1.03448636449013"
"9.76975","1.03663597624942"
"9.7744","1.04188751000872"
"9.77905","1.04269143501802"
"9.7837","1.03904775127731"
"9.78835","1.03540406753661"
"9.793","1.03176038379591"
"9.8046","1.00827557014168"
"9.8092","0.993254187796038"
"9.8138","0.962393579450408"
"9.8184","0.915693745104749"
"9.823","0.890564138759108"
"9.8276","0.887004760413466"
"9.8322","0.882069039067825"
"9.8368","0.875756974722186"
"9.8414","0.869444910376542"
"9.846","0.8631328460309"
"9.8506","0.851089779685259"
"9.8552","0.833315711339617"
"9.8598","0.813037149993976"
"9.8644","0.790254095648334"
"9.869","0.777962836302693"
"9.8736","0.776163371957051"
"9.8782","0.781335874611412"
"9.8828","0.793480344265765"
"9.8874","0.805624813920123"
"9.892","0.817769283574482"
"9.9","0.828687700364671"
"9.90494737","0.82913050036308"
"9.90989474","0.83857630165584"
"9.91484211","0.857025104242949"
"9.91978947","0.865500214411136"
"9.92473684","0.864001666421545"
"9.92968421","0.869758906537105"
"9.93463158","0.882771934757814"
"9.93957895","0.895784962978523"
"9.94452632","0.908797991199237"
"9.94947368","0.912905077223424"
"9.95442105","0.908106237654231"
"9.95936842","0.89971590430724"
"9.96431579","0.88773407718245"
"9.96926316","0.880702687427059"
"9.97421053","0.878621735041068"
"9.97915789","0.878749065734057"
"9.98410526","0.881084680020766"
"9.98905263","0.883420294307475"
"9.994","0.885755908594185"
"10.0046","0.892475853841184"
"10.0092","0.896136635495543"
"10.0138","0.899504098149901"
"10.0184","0.902578241804259"
"10.023","0.904479109458618"
"10.0276","0.905206701112976"
"10.0322","0.908461348767336"
"10.0368","0.914243052421692"
"10.0414","0.92002475607605"
"10.046","0.925806459730408"
"10.0506","0.928451906384767"
"10.0552","0.927961096039126"
"10.0598","0.928733813693484"
"10.0644","0.930770059347842"
"10.069","0.934566219002202"
"10.0736","0.94012229265656"
"10.0782","0.942474420310918"
"10.0828","0.941622601965277"
"10.0874","0.940770783619636"
"10.092","0.939918965273994"
"10.1","0.940478022064182"
"10.10494737","0.942085630855391"
"10.10989474","0.941727624808751"
"10.11484211","0.93940400392426"
"10.11978947","0.940841741860448"
"10.12473684","0.946040844429457"
"10.12968421","0.950002337656117"
"10.13463158","0.952726221540426"
"10.13957895","0.955450105424735"
"10.14452632","0.958173989309046"
"10.14947368","0.959781594850834"
"10.15442105","0.960272928548943"
"10.15936842","0.960667194847652"
"10.16431579","0.960964393746962"
"10.16926316","0.960776255649271"
"10.17421053","0.96010278055458"
"10.17915789","0.959235172414768"
"10.18410526","0.958173427722478"
"10.18905263","0.957111683030187"
"10.194","0.956049938337896"
"10.20465","1.02068156243982"
"10.2093","1.07811837219912"
"10.21395","1.11550673020843"
"10.2186","1.13284663646772"
"10.22325","1.12680808647702"
"10.2279","1.09739108023632"
"10.23255","1.08706457924562"
"10.2372","1.09582858350492"
"10.24185","1.10459258776421"
"10.2465","1.11335659202351"
"10.25115","1.11172003428281"
"10.2558","1.0996829145421"
"10.26045","1.0925267603014"
"10.2651","1.09025157156069"
"10.26975","1.08704124456999"
"10.2744","1.08289577932929"
"10.27905","1.08541032308859"
"10.2837","1.09458487584789"
"10.28835","1.10375942860718"
"10.293","1.11293398136648"
"10.30471429","1.11346530757507"
"10.30942857","1.10459158108247"
"10.31414286","1.1072796319918"
"10.31885714","1.12152944889921"
"10.32357143","1.12787102741563"
"10.32828571","1.12630434063744"
"10.333","1.12418268431717"
"10.33771429","1.12150606177809"
"10.34242857","1.1188294449167"
"10.34714286","1.11615282237763"
"10.35185714","1.11761531978483"
"10.35657143","1.12321694334286"
"10.36128571","1.12352326358007"
"10.366","1.118534281796"
"10.37071429","1.11248161475922"
"10.37542857","1.10536527756503"
"10.38014286","1.10375234027866"
"10.38485714","1.10764280974286"
"10.38957143","1.11153328745959"
"10.39428571","1.1154237569238"
"10.399","1.11542947110892"
"10.40494737","1.110535809134"
"10.40989474","1.11071167378406"
"10.41484211","1.11513423715787"
"10.41978947","1.11933839038526"
"10.42473684","1.12332415046177"
"10.42968421","1.12684884039113"
"10.43463158","1.12991246017334"
"10.43957895","1.13297607995555"
"10.44452632","1.13603969973776"
"10.44947368","1.13582729521955"
"10.45442105","1.13233886554225"
"10.45936842","1.13227206169381"
"10.46431579","1.13562688367422"
"10.46926316","1.13713742506603"
"10.47421053","1.13680368586924"
"10.47915789","1.13515954010383"
"10.48410526","1.13220498112324"
"10.48905263","1.12925042214265"
"10.494","1.12629586316206"
"10.5046","1.12079745340906"
"10.5092","1.11877235906342"
"10.5138","1.11922919471777"
"10.5184","1.12216796037213"
"10.523","1.12519697802649"
"10.5276","1.12831624768085"
"10.5322","1.13154833233521"
"10.5368","1.13489323198957"
"10.5414","1.13823813164392"
"10.546","1.14158303129828"
"10.5506","1.14395772195264"
"10.5552","1.145362203607"
"10.5598","1.14868454026136"
"10.5644","1.15392473191571"
"10.569","1.16112790457008"
"10.5736","1.17029405822443"
"10.5782","1.18178420087879"
"10.5828","1.19559833253315"
"10.5874","1.2094124641875"
"10.592","1.22322659584187"
"10.6","1.26934329263205"
"10.60494737","1.31152507437246"
"10.60989474","1.31997593482137"
"10.61484211","1.29469587397878"
"10.61978947","1.28232580225977"
"10.62473684","1.28286566965758"
"10.62968421","1.27168464857784"
"10.63463158","1.24878273902055"
"10.63957895","1.22588082946326"
"10.64452632","1.20297891990596"
"10.64947368","1.18194560030135"
"10.65442105","1.16278078562095"
"10.65936842","1.16261691437311"
"10.66431579","1.18145398655782"
"10.66926316","1.19153072594668"
"10.67421053","1.19284713253969"
"10.67915789","1.19530407610948"
"10.68410526","1.19890156658839"
"10.68905263","1.2024990570673"
"10.694","1.20609654754621"
"10.70465","1.22825847439814"
"10.7093","1.24422988565744"
"10.71395","1.25728184091674"
"10.7186","1.26741434017603"
"10.72325","1.27512916493533"
"10.7279","1.28042631519463"
"10.73255","1.28040914320393"
"10.7372","1.27507764896322"
"10.74185","1.26974615472252"
"10.7465","1.26441466048182"
"10.75115","1.26270967799111"
"10.7558","1.26463120725041"
"10.76045","1.25968745325971"
"10.7651","1.247878416019"
"10.76975","1.2393081502783"
"10.7744","1.2339766560376"
"10.77905","1.2325453725469"
"10.7837","1.23501429980619"
"10.78835","1.23748322706549"
"10.793","1.23995215432479"
"10.80475","1.23927479148538"
"10.8095","1.23620511395455"
"10.81425","1.23378780142372"
"10.819","1.2320228538929"
"10.82375","1.23652527011207"
"10.8285","1.24729505008125"
"10.83325","1.25508259005042"
"10.838","1.25988789001959"
"10.84275","1.26469318998877"
"10.8475","1.26949848995794"
"10.85225","1.26945764992712"
"10.857","1.26457066989629"
"10.86175","1.26250283861547"
"10.8665","1.26325415608464"
"10.87125","1.26037086855382"
"10.876","1.25385297602299"
"10.88075","1.24957176349216"
"10.8855","1.24752723096134"
"10.89025","1.24548269843051"
"10.895","1.24343816589969"
"10.9047","1.24344992325779"
"10.9094","1.24548432812203"
"10.9141","1.24525948998626"
"10.9188","1.2427754088505"
"10.9235","1.24248141021473"
"10.9282","1.24437749407897"
"10.9329","1.24613525694321"
"10.9376","1.24775469880744"
"10.9423","1.24937414067168"
"10.947","1.25099358253591"
"10.9517","1.25192141940015"
"10.9564","1.25215765126438"
"10.9611","1.25161006412862"
"10.9658","1.25027865799286"
"10.9705","1.25019214085709"
"10.9752","1.25135051272133"
"10.9799","1.24333359158557"
"10.9846","1.2261413774498"
"10.9893","1.20894916331403"
"10.994","1.19175694917827"
"11.0048","1.20337134584503"
"11.0096","1.23125325991915"
"11.0144","1.23450814999326"
"11.0192","1.21313601606737"
"11.024","1.19654331414149"
"11.0288","1.1847300442156"
"11.0336","1.18108654228971"
"11.0384","1.18561280836383"
"11.0432","1.19013907443794"
"11.048","1.19466534051205"
"11.0528","1.19248156658617"
"11.0576","1.18358775266028"
"11.0624","1.14662949073439"
"11.0672","1.08160678080849"
"11.072","1.09912933488259"
"11.0768","1.1991971529567"
"11.0816","1.21954498703081"
"11.0864","1.16017283710493"
"11.0912","1.10080068717903"
"11.096","1.04142853725315"
"11.1","1.00592118564825"
"11.10494737","0.979282181214058"
"11.10989474","0.941480425848867"
"11.11484211","0.892515919552677"
"11.11978947","0.86364442328967"
"11.12473684","0.854865820345079"
"11.12968421","0.849581643778888"
"11.13463158","0.847791893591098"
"11.13957895","0.846002143403307"
"11.14452632","0.844212393215515"
"11.14947368","0.831162851074106"
"11.15442105","0.806853464225507"
"11.15936842","0.79625484754217"
"11.16431579","0.799367001024079"
"11.16926316","0.803522629049538"
"11.17421053","0.808721731618548"
"11.17915789","0.811227208789936"
"11.18410526","0.811039070692246"
"11.18905263","0.810850932594555"
"11.194","0.810662794496864"
"11.2048","0.811841313163618"
"11.2096","0.813071419237732"
"11.2144","0.811593965311845"
"11.2192","0.807408951385957"
"11.224","0.80513100146007"
"11.2288","0.804760115534183"
"11.2336","0.805024917608296"
"11.2384","0.805925407682409"
"11.2432","0.806825897756522"
"11.248","0.807726387830635"
"11.2528","0.803070493904749"
"11.2576","0.792858215978859"
"11.2624","0.789520786052973"
"11.2672","0.793058204127087"
"11.272","0.7932759182012"
"11.2768","0.790173928275313"
"11.2816","0.789991394349426"
"11.2864","0.792728316423539"
"11.2912","0.795465238497651"
"11.296","0.798202160571764"
"11.3","0.798089288966858"
"11.305","0.794956149460727"
"11.31","0.795943209954595"
"11.315","0.801050470448462"
"11.32","0.80429383094233"
"11.325","0.805673291436197"
"11.33","0.805286951930065"
"11.335","0.803134812423932"
"11.34","0.8009826729178"
"11.345","0.798830533411668"
"11.35","0.798321568905536"
"11.355","0.799455779399404"
"11.36","0.801570989893271"
"11.365","0.804667200387139"
"11.37","0.807984135881006"
"11.375","0.811521796374875"
"11.38","0.812484331868743"
"11.385","0.810871742362611"
"11.39","0.809259152856478"
"11.395","0.807646563350346"
"11.40485","0.845730131523266"
"11.4097","0.884797958702327"
"11.41455","0.889799579881377"
"11.4194","0.860734995060422"
"11.42425","0.839877701489468"
"11.4291","0.827227699168522"
"11.43395","0.81091415234757"
"11.4388","0.790937061026631"
"11.44365","0.770959969705678"
"11.4485","0.750982878384733"
"11.45335","0.73038726656378"
"11.4582","0.709173134242826"
"11.46305","0.687649741671889"
"11.4679","0.665817088850936"
"11.47275","0.660280072279988"
"11.4776","0.671038691959042"
"11.48245","0.680013117888093"
"11.4873","0.687203350067144"
"11.49215","0.694393582246194"
"11.497","0.701583814425248"
"11.5048","0.708709442795681"
"11.5096","0.710363340869795"
"11.5144","0.716584774943907"
"11.5192","0.727373745018023"
"11.524","0.743554291092128"
"11.5288","0.765126413166239"
"11.5336","0.776244999240355"
"11.5384","0.776910049314468"
"11.5432","0.777575099388581"
"11.548","0.778240149462694"
"11.5528","0.771559471536808"
"11.5576","0.757533065610917"
"11.5624","0.743153499685032"
"11.5672","0.728420773759141"
"11.572","0.71632497583326"
"11.5768","0.706866105907374"
"11.5816","0.700703395981485"
"11.5864","0.697836846055599"
"11.5912","0.694970296129711"
"11.596","0.692103746203825"
"11.6049","0.68430037838291"
"11.6098","0.678634175666899"
"11.6147","0.67659718245089"
"11.6196","0.67818939873488"
"11.6245","0.682906100018869"
"11.6294","0.690747286302861"
"11.6343","0.696112919086851"
"11.6392","0.699002998370842"
"11.6441","0.701893077654832"
"11.649","0.704783156938822"
"11.6539","0.707216580722813"
"11.6588","0.709193349006803"
"11.6637","0.709103150290793"
"11.6686","0.706945984574784"
"11.6735","0.705774233358774"
"11.6784","0.705587896642764"
"11.6833","0.701411832926756"
"11.6882","0.693246042210744"
"11.6931","0.685080251494733"
"11.698","0.676914460778725"
"11.7046","0.659376294630629"
"11.7092","0.642594998284987"
"11.7138","0.629175588939351"
"11.7184","0.619118066593709"
"11.723","0.612602935248065"
"11.7276","0.609630194902424"
"11.7322","0.610831609556782"
"11.7368","0.616207179211138"
"11.7414","0.616957333865497"
"11.746","0.613082073519855"
"11.7506","0.611237483174214"
"11.7552","0.611423562828572"
"11.7598","0.617882156482928"
"11.7644","0.630613264137291"
"11.769","0.641178323791649"
"11.7736","0.649577335446007"
"11.7782","0.655652358100365"
"11.7828","0.659403391754724"
"11.7874","0.658348506409082"
"11.792","0.65248770206344"
"11.8","0.642177278853628"
"11.80494737","0.635728293494637"
"11.80989474","0.630225715279798"
"11.81484211","0.625669544209108"
"11.81978947","0.616284288988494"
"11.82473684","0.602069911677503"
"11.82968421","0.603264984021263"
"11.83463158","0.619869506019772"
"11.83957895","0.620239505468631"
"11.84452632","0.604374982367835"
"11.84947368","0.595572130366428"
"11.85442105","0.593830913878337"
"11.85936842","0.593400107282146"
"11.86431579","0.594279710577855"
"11.86926316","0.600012683843565"
"11.87421053","0.610599027079274"
"11.87915789","0.606018598417063"
"11.88410526","0.586271379340272"
"11.88905263","0.568732443599832"
"11.894","0.553401791195741"
"11.90465","0.540093946297679"
"11.9093","0.542882189056976"
"11.91395","0.549775916816276"
"11.9186","0.560775129575568"
"11.92325","0.573918317834865"
"11.9279","0.589205481594161"
"11.93255","0.585972346353458"
"11.9372","0.564218912112748"
"11.94185","0.554667891622045"
"11.9465","0.557319284881342"
"11.95115","0.566744728390639"
"11.9558","0.582944222149935"
"11.96045","0.597068165159237"
"11.9651","0.609116557418529"
"11.96975","0.607753698677826"
"11.9744","0.592979588937124"
"11.97905","0.581307401196421"
"11.9837","0.572737135455715"
"11.98835","0.568910985715013"
"11.993","0.569828951974309"
"12.00475","0.572609614134899"
"12.0095","0.573920101604073"
"12.01425","0.569196212823246"
"12.019","0.558437947792421"
"12.02375","0.545419704011597"
"12.0285","0.530141481480772"
"12.03325","0.519313320199944"
"12.038","0.512935220169119"
"12.04275","0.512568197638293"
"12.0475","0.518212252607467"
"12.05225","0.518357802576641"
"12.057","0.513004847545816"
"12.06175","0.508304257514991"
"12.0665","0.504256032484166"
"12.07125","0.50037089870334"
"12.076","0.496648856172514"
"12.08075","0.495466377391688"
"12.0855","0.496823462360862"
"12.09025","0.496619531080037"
"12.095","0.494854583549211"
"12.10465","0.489280956802376"
"12.1093","0.485637273061673"
"12.11395","0.477774063070968"
"12.1186","0.465691326830265"
"12.12325","0.460337024339562"
"12.1279","0.461711155598859"
"12.13255","0.478093115358149"
"12.1372","0.509482903617457"
"12.14185","0.532912612626753"
"12.1465","0.54838224238605"
"12.15115","0.562506185395346"
"12.1558","0.575284441654643"
"12.16045","0.598851000163948"
"12.1651","0.633205860923244"
"12.16975","0.64942816293254"
"12.1744","0.647517906191837"
"12.17905","0.645083059701134"
"12.1837","0.642123623460431"
"12.18835","0.631021641969729"
"12.193","0.611777115229026"
"12.2046","0.551593091574793"
"12.2092","0.522898531229151"
"12.2138","0.500950307883518"
"12.2184","0.485748421537877"
"12.223","0.475623210192231"
"12.2276","0.47057467384659"
"12.2322","0.462051435500948"
"12.2368","0.450053495155312"
"12.2414","0.439792905809666"
"12.246","0.431269667464024"
"12.2506","0.425453989118383"
"12.2552","0.422345870772741"
"12.2598","0.419147500427101"
"12.2644","0.415858878081458"
"12.269","0.415277815735816"
"12.2736","0.417404313390175"
"12.2782","0.423998285044533"
"12.2828","0.435059730698891"
"12.2874","0.446910881353249"
"12.292","0.459551737007608"
"12.3","0.476120713797798"
"12.30494737","0.483018495856307"
"12.30989474","0.482005284863717"
"12.31484211","0.473081080820026"
"12.31978947","0.472116405477014"
"12.32473684","0.479111254934924"
"12.32968421","0.481835138819233"
"12.33463158","0.480288057129942"
"12.33957895","0.480682323428652"
"12.34452632","0.483017937715362"
"12.34947368","0.479456714686752"
"12.35442105","0.469998639946358"
"12.35936842","0.458138147070817"
"12.36431579","0.443875236060126"
"12.36926316","0.434829697767186"
"12.37421053","0.431001532191995"
"12.37915789","0.427343241960184"
"12.38410526","0.423854812282893"
"12.38905263","0.416823422527503"
"12.394","0.406249072694012"
"12.40465","0.38620249354595"
"12.4093","0.378635790805247"
"12.41395","0.371502444814542"
"12.4186","0.364802455573842"
"12.42325","0.362390417333139"
"12.4279","0.364266330092436"
"12.43255","0.363792993101733"
"12.4372","0.360970406361029"
"12.44185","0.356528433870326"
"12.4465","0.350467075629623"
"12.45115","0.345295239138921"
"12.4558","0.341012924398218"
"12.46045","0.340265888407515"
"12.4651","0.34305413116681"
"12.46975","0.343128192176107"
"12.4744","0.340488071435405"
"12.47905","0.335293426694702"
"12.4837","0.327544257953996"
"12.48835","0.320205637713293"
"12.493","0.313277565972591"
"12.50475","0.299978411883181"
"12.5095","0.296302966852355"
"12.51425","0.293233289321529"
"12.519","0.290769379290704"
"12.52375","0.285020345509878"
"12.5285","0.275986187979054"
"12.53325","0.269258606698226"
"12.538","0.264837601667401"
"12.54275","0.260160310386576"
"12.5475","0.25522673285575"
"12.55225","0.252343445324924"
"12.557","0.251510447794098"
"12.56175","0.249349421513273"
"12.5665","0.245860366482448"
"12.57125","0.241206373951622"
"12.576","0.235387443920795"
"12.58075","0.23115282888997"
"12.5855","0.228502528859145"
"12.59025","0.226923971328319"
"12.595","0.226417156297493"
"12.60465","0.222831526050658"
"12.6093","0.219872089809956"
"12.61395","0.217254777319252"
"12.6186","0.214979588578549"
"12.62325","0.214118511337846"
"12.6279","0.214671545597143"
"12.63255","0.21351396110644"
"12.6372","0.210645757865736"
"12.64185","0.207344197875034"
"12.6465","0.203609281134331"
"12.65115","0.199942789143628"
"12.6558","0.196344721902925"
"12.66045","0.192883504162221"
"12.6651","0.189559135921518"
"12.66975","0.184455724180815"
"12.6744","0.177573268940113"
"12.67905","0.17103293744941"
"12.6837","0.164834729708707"
"12.68835","0.157610150718004"
"12.693","0.149359200477302"
"12.7046","0.128719286823073"
"12.7092","0.120511930477431"
"12.7138","0.114448059131792"
"12.7184","0.11052767278615"
"12.723","0.106584723440507"
"12.7276","0.102619211094865"
"12.7322","0.0976158007492239"
"12.7368","0.0915744924035846"
"12.7414","0.0871577200579413"
"12.746","0.0843654837122997"
"12.7506","0.0827916493666581"
"12.7552","0.0824362170210164"
"12.7598","0.0825546076753747"
"12.7644","0.0831468213297333"
"12.769","0.0840774799840916"
"12.7736","0.08534658363845"
"12.7782","0.0884884162928083"
"12.7828","0.0935029779471665"
"12.7874","0.0960581726015248"
"12.792","0.0961540002558832"
"12.8047","0.0943628824103072"
"12.8094","0.092939262274543"
"12.8141","0.0919536586387788"
"12.8188","0.0914060715030145"
"12.8235","0.0895674883672504"
"12.8282","0.0864379092314851"
"12.8329","0.0819712270957211"
"12.8376","0.0761674419599571"
"12.8423","0.0699256403241932"
"12.847","0.0632458221884293"
"12.8517","0.056750432052663"
"12.8564","0.0504394699169015"
"12.8611","0.0471024092811361"
"12.8658","0.0467392501453719"
"12.8705","0.0465144120096076"
"12.8752","0.0464278948738433"
"12.8799","0.0453039702380795"
"12.8846","0.0431426381023145"
"12.8893","0.0415345899665509"
"12.894","0.0404798258307863"
"12.9046","0.0398167650777859"
"12.9092","0.0402736007321443"
"12.9138","0.039196152386503"
"12.9184","0.0365844200408604"
"12.923","0.0332732346952188"
"12.9276","0.0292625963495772"
"12.9322","0.0273277540039356"
"12.9368","0.0274687076582939"
"12.9414","0.0288280633126522"
"12.946","0.0314058209670105"
"12.9506","0.0325169836213689"
"12.9552","0.0321615512757271"
"12.9598","0.0298657009300864"
"12.9644","0.0256294325844448"
"12.969","0.0218444242388032"
"12.9736","0.0185106758931603"
"12.9782","0.0150641125475187"
"12.9828","0.0115047342018784"
"12.9874","0.00848686785623682"
"12.992","0.00601051351059424"
"13","0.00170381030078314"
"13.00494737","-0.000959546481607545"
"13.00989474","-0.00260369557029823"
"13.01484211","-0.00322863696528891"
"13.01978947","-0.00290717186590064"
"13.02473684","-0.00163929897259132"
"13.02968421","-0.000322892379582004"
"13.03463158","0.00104204791312731"
"13.03957895","0.00235845450613663"
"13.04452632","0.0036263273994464"
"13.04947368","0.00484566412843408"
"13.05442105","0.00601646962234382"
"13.05936842","0.00694460661775314"
"13.06431579","0.00763007511466246"
"13.06926316","0.00761180496592177"
"13.07421053","0.00688979617153109"
"13.07915789","0.00592512082851923"
"13.08410526","0.00471777503712898"
"13.08905263","0.00358322979528829"
"13.094","0.00252148510299761"
"13.10465","0.00112396120493595"
"13.1093","0.000901514964232984"
"13.11395","0.000838726473529983"
"13.1186","0.000935595732827004"
"13.12325","0.000964040242124021"
"13.1279","0.000924060001421048"
"13.13255","0.00211572526071757"
"13.1372","0.00453903602001542"
"13.14185","0.00691673027931236"
"13.1465","0.00924880803860929"
"13.15115","0.0112159537979062"
"13.1558","0.0128181675572032"
"13.16045","0.0143519565665007"
"13.1651","0.0158173208257977"
"13.16975","0.0171230273350947"
"13.1744","0.0182690760943917"
"13.17905","0.0185484113536887"
"13.1837","0.0179610331129857"
"13.18835","0.0176929703722828"
"13.193","0.0177442231315798"
"13.20475","0.017124494042169"
"13.2095","0.0165710815113434"
"13.21425","0.0157380839805179"
"13.219","0.0146255014496923"
"13.22375","0.0138158026688665"
"13.2285","0.0133089876380409"
"13.23325","0.0126856788572153"
"13.238","0.0119458763263898"
"13.24275","0.0111128787955642"
"13.2475","0.0101866862647384"
"13.25225","0.00909740248391283"
"13.257","0.00784502745308732"
"13.26175","0.00689553617226178"
"13.2665","0.00624892864143597"
"13.27125","0.0057421136106104"
"13.276","0.0053750910797848"
"13.28075","0.00507796479895921"
"13.2855","0.00485073476813353"
"13.29025","0.00460020598730793"
"13.295","0.00432637845648234"
"13.3047","0.00310109481458575"
"13.3094","0.00218465167882151"
"13.3141","0.00152179704305725"
"13.3188","0.00111253090729298"
"13.3235","0.000703264771528703"
"13.3282","0.000293998635764278"
"13.3329","-6.50521303491303E-19"
"13.3376","0"
"13.3423","0"
"13.347","0"
"13.3517","0"
"13.3564","0"
"13.3611","0"
"13.3658","0"
"13.3705","0"
"13.3752","0"
"13.3799","0"
"13.3846","0"
"13.3893","0"
"13.394","0"
"13.4048","0"
"13.4096","0"
"13.4144","0"
"13.4192","0"
"13.424","0"
"13.4288","0"
"13.4336","0"
"13.4384","0"
"13.4432","0"
"13.448","0"
"13.4528","0"
"13.4576","0"
"13.4624","0"
"13.4672","0"
"13.472","0"
"13.4768","0"
"13.4816","0"
"13.4864","0"
"13.4912","0"
"13.496","0"
"13.5047","0"
"13.5094","0"
"13.5141","0"
"13.5188","0"
"13.5235","0"
"13.5282","0"
"13.5329","0"
"13.5376","0"
"13.5423","0"
"13.547","0"
"13.5517","0"
"13.5564","0"
"13.5611","0"
"13.5658","0"
"13.5705","0"
"13.5752","0"
"13.5799","0"
"13.5846","0"
"13.5893","0"
"13.594","0"
"13.60485","0"
"13.6097","0"
"13.61455","0"
"13.6194","0"
"13.62425","0"
"13.6291","0"
"13.63395","0"
"13.6388","0"
"13.64365","0"
"13.6485","0"
"13.65335","0"
"13.6582","0"
"13.66305","0"
"13.6679","0"
"13.67275","0"
"13.6776","0"
"13.68245","0"
"13.6873","0"
"13.69215","0"
"13.697","0"
"13.70475","0"
"13.7095","0"
"13.71425","0"
"13.719","0"
"13.72375","0"
"13.7285","0"
"13.73325","0"
"13.738","0"
"13.74275","0"
"13.7475","0"
"13.75225","0"
"13.757","0"
"13.76175","0"
"13.7665","0"
"13.77125","0"
"13.776","0"
"13.78075","0"
"13.7855","0"
"13.79025","0"
"13.795","0"
"13.80485","0"
"13.8097","0"
"13.81455","0"
"13.8194","0"
"13.82425","0"
"13.8291","0"
"13.83395","0"
"13.8388","0"
"13.84365","0"
"13.8485","0"
"13.85335","0"
"13.8582","0"
"13.86305","0"
"13.8679","0"
"13.87275","0"
"13.8776","0"
"13.88245","0"
"13.8873","0"
"13.89215","0"
"13.897","0"
"13.9048","0"
"13.9096","0"
"13.9144","0"
"13.9192","0"
"13.924","0"
"13.9288","0"
"13.9336","0"
"13.9384","0"
"13.9432","0"
"13.948","0"
"13.9528","0"
"13.9576","0"
"13.9624","0"
"13.9672","0"
"13.972","0"
"13.9768","0"
"13.9816","0"
"13.9864","0"
"13.9912","0"
"13.996","0"
"14.0049","0"
"14.0098","0"
"14.0147","0"
"14.0196","0"
"14.0245","0"
"14.0294","0"
"14.0343","0"
"14.0392","0"
"14.0441","0"
"14.049","0"
"14.0539","0"
"14.0588","0"
"14.0637","0"
"14.0686","0"
"14.0735","0"
"14.0784","0"
"14.0833","0"
"14.0882","0"
"14.0931","0"
"14.098","0"
"14.1048","0"
"14.1096","0"
"14.1144","0"
"14.1192","0"
"14.124","0"
"14.1288","0"
"14.1336","0"
"14.1384","0"
"14.1432","0"
"14.148","0"
"14.1528","0"
"14.1576","0"
"14.1624","0"
"14.1672","0"
"14.172","0"
"14.1768","0"
"14.1816","0"
"14.1864","0"
"14.1912","0"
"14.196","0"
"14.20495","0"
"14.2099","0"
"14.21485","0"
"14.2198","0"
"14.22475","0"
"14.2297","0"
"14.23465","0"
"14.2396","0"
"14.24455","0"
"14.2495","0"
"14.25445","0"
"14.2594","0"
"14.26435","0"
"14.2693","0"
"14.27425","0"
"14.2792","0"
"14.28415","0"
"14.2891","0"
"14.29405","0"
"14.299","0"
"14.30485","0"
"14.3097","0"
"14.31455","0"
"14.3194","0"
"14.32425","0"
"14.3291","0"
"14.33395","0"
"14.3388","0"
"14.34365","0"
"14.3485","0"
"14.35335","0"
"14.3582","0"
"14.36305","0"
"14.3679","0"
"14.37275","0"
"14.3776","0"
"14.38245","0"
"14.3873","0"
"14.39215","0"
"14.397","0"
"14.40495","0"
"14.4099","0"
"14.41485","0"
"14.4198","0"
"14.42475","0"
"14.4297","0"
"14.43465","0"
"14.4396","0"
"14.44455","0"
"14.4495","0"
"14.45445","0"
"14.4594","0"
"14.46435","0"
"14.4693","0"
"14.47425","0"
"14.4792","0"
"14.48415","0"
"14.4891","0"
"14.49405","0"
"14.499","0"
"14.5049","0"
"14.5098","0"
"14.5147","0"
"14.5196","0"
"14.5245","0"
"14.5294","0"
"14.5343","0"
"14.5392","0"
"14.5441","0"
"14.549","0"
"14.5539","0"
"14.5588","0"
"14.5637","0"
"14.5686","0"
"14.5735","0"
"14.5784","0"
"14.5833","0"
"14.5882","0"
"14.5931","0"
"14.598","0"
"14.60505263","0"
"14.61010526","0"
"14.61515789","0"
"14.62021053","0"
"14.62526316","0"
"14.63031579","0"
"14.63536842","0"
"14.64042105","0"
"14.64547368","0"
"14.65052632","0"
"14.65557895","0"
"14.66063158","0"
"14.66568421","0"
"14.67073684","0"
"14.67578947","0"
"14.68084211","0"
"14.68589474","0"
"14.69094737","0"
"14.696","0"
"14.7","0"
"14.70495","0"
"14.7099","0"
"14.71485","0"
"14.7198","0"
"14.72475","0"
"14.7297","0"
"14.73465","0"
"14.7396","0"
"14.74455","0"
"14.7495","0"
"14.75445","0"
"14.7594","0"
"14.76435","0"
"14.7693","0"
"14.77425","0"
"14.7792","0"
"14.78415","0"
"14.7891","0"
"14.79405","0"
"14.799","0"
"14.80485","0"
"14.8097","0"
"14.81455","0"
"14.8194","0"
"14.82425","0"
"14.8291","0"
"14.83395","0"
"14.8388","0"
"14.84365","0"
"14.8485","0"
"14.85335","0"
"14.8582","0"
"14.86305","0"
"14.8679","0"
"14.87275","0"
"14.8776","0"
"14.88245","0"
"14.8873","0"
"14.89215","0"
"14.897","0"
"14.90495","0"
"14.9099","0"
"14.91485","0"
"14.9198","0"
"14.92475","0"
"14.9297","0"
"14.93465","0"
"14.9396","0"
"14.94455","0"
"14.9495","0"
"14.95445","0"
"14.9594","0"
"14.96435","0"
"14.9693","0"
"14.97425","0"
"14.9792","0"
"14.98415","0"
"14.9891","0"
"14.99405","0"
"14.999","0"
"15.0049","0"
"15.0098","0"
"15.0147","0"
"15.0196","0"
"15.0245","0"
"15.0294","0"
"15.0343","0"
"15.0392","0"
"15.0441","0"
"15.049","0"
"15.0539","0"
"15.0588","0"
"15.0637","0"
"15.0686","0"
"15.0735","0"
"15.0784","0"
"15.0833","0"
"15.0882","0"
"15.0931","0"
"15.098","0"
"15.10521053","0"
"15.11042105","0"
"15.11563158","0"
"15.12084211","0"
"15.12605263","0"
"15.13126316","0"
"15.13647368","0"
"15.14168421","0"
"15.14689474","0"
"15.15210526","0"
"15.15731579","0"
"15.16252632","0"
"15.16773684","0"
"15.17294737","0"
"15.17815789","0"
"15.18336842","0"
"15.18857895","0"
"15.19378947","0"
"15.199","0"
"15.2","0"
"15.2049","0"
"15.2098","0"
"15.2147","0"
"15.2196","0"
"15.2245","0"
"15.2294","0"
"15.2343","0"
"15.2392","0"
"15.2441","0"
"15.249","0"
"15.2539","0"
"15.2588","0"
"15.2637","0"
"15.2686","0"
"15.2735","0"
"15.2784","0"
"15.2833","0"
"15.2882","0"
"15.2931","0"
"15.298","0"
"15.3048","0"
"15.3096","0"
"15.3144","0"
"15.3192","0"
"15.324","0"
"15.3288","0"
"15.3336","0"
"15.3384","0"
"15.3432","0"
"15.348","0"
"15.3528","0"
"15.3576","0"
"15.3624","0"
"15.3672","0"
"15.372","0"
"15.3768","0"
"15.3816","0"
"15.3864","0"
"15.3912","0"
"15.396","0"
"15.4047","0"
"15.4094","0"
"15.4141","0"
"15.4188","0"
"15.4235","0"
"15.4282","0"
"15.4329","0"
"15.4376","0"
"15.4423","0"
"15.447","0"
"15.4517","0"
"15.4564","0"
"15.4611","0"
"15.4658","0"
"15.4705","0"
"15.4752","0"
"15.4799","0"
"15.4846","0"
"15.4893","0"
"15.494","0"
"15.50465","0"
"15.5093","0"
"15.51395","0"
"15.5186","0"
"15.52325","0"
"15.5279","0"
"15.53255","0"
"15.5372","0"
"15.54185","0"
"15.5465","0"
"15.55115","0"
"15.5558","0"
"15.56045","0"
"15.5651","0"
"15.56975","0"
"15.5744","0"
"15.57905","0"
"15.5837","0"
"15.58835","0"
"15.593","0"
"15.60475","0"
"15.6095","0"
"15.61425","0"
"15.619","0"
"15.62375","0"
"15.6285","0"
"15.63325","0"
"15.638","0"
"15.64275","0"
"15.6475","0"
"15.65225","0"
"15.657","0"
"15.66175","0"
"15.6665","0"
"15.67125","0"
"15.676","0"
"15.68075","0"
"15.6855","0"
"15.69025","0"
"15.695","0"
"15.7047","0"
"15.7094","0"
"15.7141","0"
"15.7188","0"
"15.7235","0"
"15.7282","0"
"15.7329","0"
"15.7376","0"
"15.7423","0"
"15.747","0"
"15.7517","0"
"15.7564","0"
"15.7611","0"
"15.7658","0"
"15.7705","0"
"15.7752","0"
"15.7799","0"
"15.7846","0"
"15.7893","0"
"15.794","0"
"15.8048","0"
"15.8096","0"
"15.8144","0"
"15.8192","0"
"15.824","0"
"15.8288","0"
"15.8336","0"
"15.8384","0"
"15.8432","0"
"15.848","0"
"15.8528","0"
"15.8576","0"
"15.8624","0"
"15.8672","0"
"15.872","0"
"15.8768","0"
"15.8816","0"
"15.8864","0"
"15.8912","0"
"15.896","0"
"15.9047","0"
"15.9094","0"
"15.9141","0"
"15.9188","0"
"15.9235","0"
"15.9282","0"
"15.9329","0"
"15.9376","0"
"15.9423","0"
"15.947","0"
"15.9517","0"
"15.9564","0"
"15.9611","0"
"15.9658","0"
"15.9705","0"
"15.9752","0"
"15.9799","0"
"15.9846","0"
"15.9893","0"
"15.994","0"
"16.00465","0"
"16.0093","0"
"16.01395","0"
"16.0186","0"
"16.02325","0"
"16.0279","0"
"16.03255","0"
"16.0372","0"
"16.04185","0"
"16.0465","0"
"16.05115","0"
"16.0558","0"
"16.06045","0"
"16.0651","0"
"16.06975","0"
"16.0744","0"
"16.07905","0"
"16.0837","0"
"16.08835","0"
"16.093","0"
"16.10475","0"
"16.1095","0"
"16.11425","0"
"16.119","0"
"16.12375","0"
"16.1285","0"
"16.13325","0"
"16.138","0"
"16.14275","0"
"16.1475","0"
"16.15225","0"
"16.157","0"
"16.16175","0"
"16.1665","0"
"16.17125","0"
"16.176","0"
"16.18075","0"
"16.1855","0"
"16.19025","0"
"16.195","0"
"16.2047","0"
"16.2094","0"
"16.2141","0"
"16.2188","0"
"16.2235","0"
"16.2282","0"
"16.2329","0"
"16.2376","0"
"16.2423","0"
"16.247","0"
"16.2517","0"
"16.2564","0"
"16.2611","0"
"16.2658","0"
"16.2705","0"
"16.2752","0"
"16.2799","0"
"16.2846","0"
"16.2893","0"
"16.294","0"
"16.3048","0"
"16.3096","0"
"16.3144","0"
"16.3192","0"
"16.324","0"
"16.3288","0"
"16.3336","0"
"16.3384","0"
"16.3432","0"
"16.348","0"
"16.3528","0"
"16.3576","0"
"16.3624","0"
"16.3672","0"
"16.372","0"
"16.3768","0"
"16.3816","0"
"16.3864","0"
"16.3912","0"
"16.396","0"
"16.40465","0"
"16.4093","0"
"16.41395","0"
"16.4186","0"
"16.42325","0"
"16.4279","0"
"16.43255","0"
"16.4372","0"
"16.44185","0"
"16.4465","0"
"16.45115","0"
"16.4558","0"
"16.46045","0"
"16.4651","0"
"16.46975","0"
"16.4744","0"
"16.47905","0"
"16.4837","0"
"16.48835","0"
"16.493","0"
"16.50475","0"
"16.5095","0"
"16.51425","0"
"16.519","0"
"16.52375","0"
"16.5285","0"
"16.53325","0"
"16.538","0"
"16.54275","0"
"16.5475","0"
"16.55225","0"
"16.557","0"
"16.56175","0"
"16.5665","0"
"16.57125","0"
"16.576","0"
"16.58075","0"
"16.5855","0"
"16.59025","0"
"16.595","0"
"16.6047","0"
"16.6094","0"
"16.6141","0"
"16.6188","0"
"16.6235","0"
"16.6282","0"
"16.6329","0"
"16.6376","0"
"16.6423","0"
"16.647","0"
"16.6517","0"
"16.6564","0"
"16.6611","0"
"16.6658","0"
"16.6705","0"
"16.6752","0"
"16.6799","0"
"16.6846","0"
"16.6893","0"
"16.694","0"
"16.7046","0"
"16.7092","0"
"16.7138","0"
"16.7184","0"
"16.723","0"
"16.7276","0"
"16.7322","0"
"16.7368","0"
"16.7414","0"
"16.746","0"
"16.7506","0"
"16.7552","0"
"16.7598","0"
"16.7644","0"
"16.769","0"
"16.7736","0"
"16.7782","0"
"16.7828","0"
"16.7874","0"
"16.792","0"
"16.8047","0"
"16.8094","0"
"16.8141","0"
"16.8188","0"
"16.8235","0"
"16.8282","0"
"16.8329","0"
"16.8376","0"
"16.8423","0"
"16.847","0"
"16.8517","0"
"16.8564","0"
"16.8611","0"
"16.8658","0"
"16.8705","0"
"16.8752","0"
"16.8799","0"
"16.8846","0"
"16.8893","0"
"16.894","0"
"16.90465","0"
"16.9093","0"
"16.91395","0"
"16.9186","0"
"16.92325","0"
"16.9279","0"
"16.93255","0"
"16.9372","0"
"16.94185","0"
"16.9465","0"
"16.95115","0"
"16.9558","0"
"16.96045","0"
"16.9651","0"
"16.96975","0"
"16.9744","0"
"16.97905","0"
"16.9837","0"
"16.98835","0"
"16.993","0"
"17.00475","0"
"17.0095","0"
"17.01425","0"
"17.019","0"
"17.02375","0"
"17.0285","0"
"17.03325","0"
"17.038","0"
"17.04275","0"
"17.0475","0"
"17.05225","0"
"17.057","0"
"17.06175","0"
"17.0665","0"
"17.07125","0"
"17.076","0"
"17.08075","0"
"17.0855","0"
"17.09025","0"
"17.095","0"
"17.1047","0"
"17.1094","0"
"17.1141","0"
"17.1188","0"
"17.1235","0"
"17.1282","0"
"17.1329","0"
"17.1376","0"
"17.1423","0"
"17.147","0"
"17.1517","0"
"17.1564","0"
"17.1611","0"
"17.1658","0"
"17.1705","0"
"17.1752","0"
"17.1799","0"
"17.1846","0"
"17.1893","0"
"17.194","0"
"17.2048","0"
"17.2096","0"
"17.2144","0"
"17.2192","0"
"17.224","0"
"17.2288","0"
"17.2336","0"
"17.2384","0"
"17.2432","0"
"17.248","0"
"17.2528","0"
"17.2576","0"
"17.2624","0"
"17.2672","0"
"17.272","0"
"17.2768","0"
"17.2816","0"
"17.2864","0"
"17.2912","0"
"17.296","0"
"17.3047","0"
"17.3094","0"
"17.3141","0"
"17.3188","0"
"17.3235","0"
"17.3282","0"
"17.3329","0"
"17.3376","0"
"17.3423","0"
"17.347","0"
"17.3517","0"
"17.3564","0"
"17.3611","0"
"17.3658","0"
"17.3705","0"
"17.3752","0"
"17.3799","0"
"17.3846","0"
"17.3893","0"
"17.394","0"
"17.40485","0"
"17.4097","0"
"17.41455","0"
"17.4194","0"
"17.42425","0"
"17.4291","0"
"17.43395","0"
"17.4388","0"
"17.44365","0"
"17.4485","0"
"17.45335","0"
"17.4582","0"
"17.46305","0"
"17.4679","0"
"17.47275","0"
"17.4776","0"
"17.48245","0"
"17.4873","0"
"17.49215","0"
"17.497","0"
"17.50475","0"
"17.5095","0"
"17.51425","0"
"17.519","0"
"17.52375","0"
"17.5285","0"
"17.53325","0"
"17.538","0"
"17.54275","0"
"17.5475","0"
"17.55225","0"
"17.557","0"
"17.56175","0"
"17.5665","0"
"17.57125","0"
"17.576","0"
"17.58075","0"
"17.5855","0"
"17.59025","0"
"17.595","0"
"17.60485","0"
"17.6097","0"
"17.61455","0"
"17.6194","0"
"17.62425","0"
"17.6291","0"
"17.63395","0"
"17.6388","0"
"17.64365","0"
"17.6485","0"
"17.65335","0"
"17.6582","0"
"17.66305","0"
"17.6679","0"
"17.67275","0"
"17.6776","0"
"17.68245","0"
"17.6873","0"
"17.69215","0"
"17.697","0"
"17.7048","0"
"17.7096","0"
"17.7144","0"
"17.7192","0"
"17.724","0"
"17.7288","0"
"17.7336","0"
"17.7384","0"
"17.7432","0"
"17.748","0"
"17.7528","0"
"17.7576","0"
"17.7624","0"
"17.7672","0"
"17.772","0"
"17.7768","0"
"17.7816","0"
"17.7864","0"
"17.7912","0"
"17.796","0"
"17.8049","0"
"17.8098","0"
"17.8147","0"
"17.8196","0"
"17.8245","0"
"17.8294","0"
"17.8343","0"
"17.8392","0"
"17.8441","0"
"17.849","0"
"17.8539","0"
"17.8588","0"
"17.8637","0"
"17.8686","0"
"17.8735","0"
"17.8784","0"
"17.8833","0"
"17.8882","0"
"17.8931","0"
"17.898","0"
"17.90485","0"
"17.9097","0"
"17.91455","0"
"17.9194","0"
"17.92425","0"
"17.9291","0"
"17.93395","0"
"17.9388","0"
"17.94365","0"
"17.9485","0"
"17.95335","0"
"17.9582","0"
"17.96305","0"
"17.9679","0"
"17.97275","0"
"17.9776","0"
"17.98245","0"
"17.9873","0"
"17.99215","0"
"17.997","0"
"18.00495","0"
"18.0099","0"
"18.01485","0"
"18.0198","0"
"18.02475","0"
"18.0297","0"
"18.03465","0"
"18.0396","0"
"18.04455","0"
"18.0495","0"
"18.05445","0"
"18.0594","0"
"18.06435","0"
"18.0693","0"
"18.07425","0"
"18.0792","0"
"18.08415","0"
"18.0891","0"
"18.09405","0"
"18.099","0"
"18.10485","0"
"18.1097","0"
"18.11455","0"
"18.1194","0"
"18.12425","0"
"18.1291","0"
"18.13395","0"
"18.1388","0"
"18.14365","0"
"18.1485","0"
"18.15335","0"
"18.1582","0"
"18.16305","0"
"18.1679","0"
"18.17275","0"
"18.1776","0"
"18.18245","0"
"18.1873","0"
"18.19215","0"
"18.197","0"
"18.20495","0"
"18.2099","0"
"18.21485","0"
"18.2198","0"
"18.22475","0"
"18.2297","0"
"18.23465","0"
"18.2396","0"
"18.24455","0"
"18.2495","0"
"18.25445","0"
"18.2594","0"
"18.26435","0"
"18.2693","0"
"18.27425","0"
"18.2792","0"
"18.28415","0"
"18.2891","0"
"18.29405","0"
"18.299","0"
"18.3049","0"
"18.3098","0"
"18.3147","0"
"18.3196","0"
"18.3245","0"
"18.3294","0"
"18.3343","0"
"18.3392","0"
"18.3441","0"
"18.349","0"
"18.3539","0"
"18.3588","0"
"18.3637","0"
"18.3686","0"
"18.3735","0"
"18.3784","0"
"18.3833","0"
"18.3882","0"
"18.3931","0"
"18.398","0"
"18.40505263","0"
"18.41010526","0"
"18.41515789","0"
"18.42021053","0"
"18.42526316","0"
"18.43031579","0"
"18.43536842","0"
"18.44042105","0"
"18.44547368","0"
"18.45052632","0"
"18.45557895","0"
"18.46063158","0"
"18.46568421","0"
"18.47073684","0"
"18.47578947","0"
"18.48084211","0"
"18.48589474","0"
"18.49094737","0"
"18.496","0"
"18.5","0"
"18.50495","0"
"18.5099","0"
"18.51485","0"
"18.5198","0"
"18.52475","0"
"18.5297","0"
"18.53465","0"
"18.5396","0"
"18.54455","0"
"18.5495","0"
"18.55445","0"
"18.5594","0"
"18.56435","0"
"18.5693","0"
"18.57425","0"
"18.5792","0"
"18.58415","0"
"18.5891","0"
"18.59405","0"
"18.599","0"
"18.60510526","0"
"18.61021053","0"
"18.61531579","0"
"18.62042105","0"
"18.62552632","0"
"18.63063158","0"
"18.63573684","0"
"18.64084211","0"
"18.64594737","0"
"18.65105263","0"
"18.65615789","0"
"18.66126316","0"
"18.66636842","0"
"18.67147368","0"
"18.67657895","0"
"18.68168421","0"
"18.68678947","0"
"18.69189474","0"
"18.697","0"
"18.70471429","0"
"18.70942857","0"
"18.71414286","0"
"18.71885714","0"
"18.72357143","0"
"18.72828571","0"
"18.733","0"
"18.73771429","0"
"18.74242857","0"
"18.74714286","0"
"18.75185714","0"
"18.75657143","0"
"18.76128571","0"
"18.766","0"
"18.77071429","0"
"18.77542857","0"
"18.78014286","0"
"18.78485714","0"
"18.78957143","0"
"18.79428571","0"
"18.799","0"
"18.8049","0"
"18.8098","0"
"18.8147","0"
"18.8196","0"
"18.8245","0"
"18.8294","0"
"18.8343","0"
"18.8392","0"
"18.8441","0"
"18.849","0"
"18.8539","0"
"18.8588","0"
"18.8637","0"
"18.8686","0"
"18.8735","0"
"18.8784","0"
"18.8833","0"
"18.8882","0"
"18.8931","0"
"18.898","0"
"18.9048","0"
"18.9096","0"
"18.9144","0"
"18.9192","0"
"18.924","0"
"18.9288","0"
"18.9336","0"
"18.9384","0"
"18.9432","0"
"18.948","0"
"18.9528","0"
"18.9576","0"
"18.9624","0"
"18.9672","0"
"18.972","0"
"18.9768","0"
"18.9816","0"
"18.9864","0"
"18.9912","0"
"18.996","0"
"19.0047","0"
"19.0094","0"
"19.0141","0"
"19.0188","0"
"19.0235","0"
"19.0282","0"
"19.0329","0"
"19.0376","0"
"19.0423","0"
"19.047","0"
"19.0517","0"
"19.0564","0"
"19.0611","0"
"19.0658","0"
"19.0705","0"
"19.0752","0"
"19.0799","0"
"19.0846","0"
"19.0893","0"
"19.094","0"
"19.1046","0"
"19.1092","0"
"19.1138","0"
"19.1184","0"
"19.123","0"
"19.1276","0"
"19.1322","0"
"19.1368","0"
"19.1414","0"
"19.146","0"
"19.1506","0"
"19.1552","0"
"19.1598","0"
"19.1644","0"
"19.169","0"
"19.1736","0"
"19.1782","0"
"19.1828","0"
"19.1874","0"
"19.192","0"
"19.20475","0"
"19.2095","0"
"19.21425","0"
"19.219","0"
"19.22375","0"
"19.2285","0"
"19.23325","0"
"19.238","0"
"19.24275","0"
"19.2475","0"
"19.25225","0"
"19.257","0"
"19.26175","0"
"19.2665","0"
"19.27125","0"
"19.276","0"
"19.28075","0"
"19.2855","0"
"19.29025","0"
"19.295","0"
"19.30465","0"
"19.3093","0"
"19.31395","0"
"19.3186","0"
"19.32325","0"
"19.3279","0"
"19.33255","0"
"19.3372","0"
"19.34185","0"
"19.3465","0"
"19.35115","0"
"19.3558","0"
"19.36045","0"
"19.3651","0"
"19.36975","0"
"19.3744","0"
"19.37905","0"
"19.3837","0"
"19.38835","0"
"19.393","0"
"19.40475","0"
"19.4095","0"
"19.41425","0"
"19.419","0"
"19.42375","0"
"19.4285","0"
"19.43325","0"
"19.438","0"
"19.44275","0"
"19.4475","0"
"19.45225","0"
"19.457","0"
"19.46175","0"
"19.4665","0"
"19.47125","0"
"19.476","0"
"19.48075","0"
"19.4855","0"
"19.49025","0"
"19.495","0"
"19.5047","0"
"19.5094","0"
"19.5141","0"
"19.5188","0"
"19.5235","0"
"19.5282","0"
"19.5329","0"
"19.5376","0"
"19.5423","0"
"19.547","0"
"19.5517","0"
"19.5564","0"
"19.5611","0"
"19.5658","0"
"19.5705","0"
"19.5752","0"
"19.5799","0"
"19.5846","0"
"19.5893","0"
"19.594","0"
"19.6048","0"
"19.6096","0"
"19.6144","0"
"19.6192","0"
"19.624","0"
"19.6288","0"
"19.6336","0"
"19.6384","0"
"19.6432","0"
"19.648","0"
"19.6528","0"
"19.6576","0"
"19.6624","0"
"19.6672","0"
"19.672","0"
"19.6768","0"
"19.6816","0"
"19.6864","0"
"19.6912","0"
"19.696","0"
"19.70475","0"
"19.7095","0"
"19.71425","0"
"19.719","0"
"19.72375","0"
"19.7285","0"
"19.73325","0"
"19.738","0"
"19.74275","0"
"19.7475","0"
"19.75225","0"
"19.757","0"
"19.76175","0"
"19.7665","0"
"19.77125","0"
"19.776","0"
"19.78075","0"
"19.7855","0"
"19.79025","0"
"19.795","0"
"19.80465","0"
"19.8093","0"
"19.81395","0"
"19.8186","0"
"19.82325","0"
"19.8279","0"
"19.83255","0"
"19.8372","0"
"19.84185","0"
"19.8465","0"
"19.85115","0"
"19.8558","0"
"19.86045","0"
"19.8651","0"
"19.86975","0"
"19.8744","0"
"19.87905","0"
"19.8837","0"
"19.88835","0"
"19.893","0"
"19.90475","0"
"19.9095","0"
"19.91425","0"
"19.919","0"
"19.92375","0"
"19.9285","0"
"19.93325","0"
"19.938","0"
"19.94275","0"
"19.9475","0"
"19.95225","0"
"19.957","0"
"19.96175","0"
"19.9665","0"
"19.97125","0"
"19.976","0"
"19.98075","0"
"19.9855","0"
"19.99025","0"
"19.995","0"
"20.0047","0"
"20.0094","0"
"20.0141","0"
"20.0188","0"
"20.0235","0"
"20.0282","0"
"20.0329","0"
"20.0376","0"
"20.0423","0"
"20.047","0"
"20.0517","0"
"20.0564","0"
"20.0611","0"
"20.0658","0"
"20.0705","0"
"20.0752","0"
"20.0799","0"
"20.0846","0"
"20.0893","0"
"20.094","0"
"20.1048","0"
"20.1096","0"
"20.1144","0"
"20.1192","0"
"20.124","0"
"20.1288","0"
"20.1336","0"
"20.1384","0"
"20.1432","0"
"20.148","0"
"20.1528","0"
"20.1576","0"
"20.1624","0"
"20.1672","0"
"20.172","0"
"20.1768","0"
"20.1816","0"
"20.1864","0"
"20.1912","0"
"20.196","0"
"20.20475","0"
"20.2095","0"
"20.21425","0"
"20.219","0"
"20.22375","0"
"20.2285","0"
"20.23325","0"
"20.238","0"
"20.24275","0"
"20.2475","0"
"20.25225","0"
"20.257","0"
"20.26175","0"
"20.2665","0"
"20.27125","0"
"20.276","0"
"20.28075","0"
"20.2855","0"
"20.29025","0"
"20.295","0"
"20.3048","0"
"20.3096","0"
"20.3144","0"
"20.3192","0"
"20.324","0"
"20.3288","0"
"20.3336","0"
"20.3384","0"
"20.3432","0"
"20.348","0"
"20.3528","0"
"20.3576","0"
"20.3624","0"
"20.3672","0"
"20.372","0"
"20.3768","0"
"20.3816","0"
"20.3864","0"
"20.3912","0"
"20.396","0"
"20.40475","0"
"20.4095","0"
"20.41425","0"
"20.419","0"
"20.42375","0"
"20.4285","0"
"20.43325","0"
"20.438","0"
"20.44275","0"
"20.4475","0"
"20.45225","0"
"20.457","0"
"20.46175","0"
"20.4665","0"
"20.47125","0"
"20.476","0"
"20.48075","0"
"20.4855","0"
"20.49025","0"
"20.495","0"
"20.5048","0"
"20.5096","0"
"20.5144","0"
"20.5192","0"
"20.524","0"
"20.5288","0"
"20.5336","0"
"20.5384","0"
"20.5432","0"
"20.548","0"
"20.5528","0"
"20.5576","0"
"20.5624","0"
"20.5672","0"
"20.572","0"
"20.5768","0"
"20.5816","0"
"20.5864","0"
"20.5912","0"
"20.596","0"
"20.6047","0"
"20.6094","0"
"20.6141","0"
"20.6188","0"
"20.6235","0"
"20.6282","0"
"20.6329","0"
"20.6376","0"
"20.6423","0"
"20.647","0"
"20.6517","0"
"20.6564","0"
"20.6611","0"
"20.6658","0"
"20.6705","0"
"20.6752","0"
"20.6799","0"
"20.6846","0"
"20.6893","0"
"20.694","0"
"20.70485","0"
"20.7097","0"
"20.71455","0"
"20.7194","0"
"20.72425","0"
"20.7291","0"
"20.73395","0"
"20.7388","0"
"20.74365","0"
"20.7485","0"
"20.75335","0"
"20.7582","0"
"20.76305","0"
"20.7679","0"
"20.77275","0"
"20.7776","0"
"20.78245","0"
"20.7873","0"
"20.79215","0"
"20.797","0"
"20.8048","0"
"20.8096","0"
"20.8144","0"
"20.8192","0"
"20.824","0"
"20.8288","0"
"20.8336","0"
"20.8384","0"
"20.8432","0"
"20.848","0"
"20.8528","0"
"20.8576","0"
"20.8624","0"
"20.8672","0"
"20.872","0"
"20.8768","0"
"20.8816","0"
"20.8864","0"
"20.8912","0"
"20.896","0"
"20.9049","0"
"20.9098","0"
"20.9147","0"
"20.9196","0"
"20.9245","0"
"20.9294","0"
"20.9343","0"
"20.9392","0"
"20.9441","0"
"20.949","0"
"20.9539","0"
"20.9588","0"
"20.9637","0"
"20.9686","0"
"20.9735","0"
"20.9784","0"
"20.9833","0"
"20.9882","0"
"20.9931","0"
"20.998","0"
"21.0048","0"
"21.0096","0"
"21.0144","0"
"21.0192","0"
"21.024","0"
"21.0288","0"
"21.0336","0"
"21.0384","0"
"21.0432","0"
"21.048","0"
"21.0528","0"
"21.0576","0"
"21.0624","0"
"21.0672","0"
"21.072","0"
"21.0768","0"
"21.0816","0"
"21.0864","0"
"21.0912","0"
"21.096","0"
"21.1049","0"
"21.1098","0"
"21.1147","0"
"21.1196","0"
"21.1245","0"
"21.1294","0"
"21.1343","0"
"21.1392","0"
"21.1441","0"
"21.149","0"
"21.1539","0"
"21.1588","0"
"21.1637","0"
"21.1686","0"
"21.1735","0"
"21.1784","0"
"21.1833","0"
"21.1882","0"
"21.1931","0"
"21.198","0"
"21.20485","0"
"21.2097","0"
"21.21455","0"
"21.2194","0"
"21.22425","0"
"21.2291","0"
"21.23395","0"
"21.2388","0"
"21.24365","0"
"21.2485","0"
"21.25335","0"
"21.2582","0"
"21.26305","0"
"21.2679","0"
"21.27275","0"
"21.2776","0"
"21.28245","0"
"21.2873","0"
"21.29215","0"
"21.297","0"
"21.30495","0"
"21.3099","0"
"21.31485","0"
"21.3198","0"
"21.32475","0"
"21.3297","0"
"21.33465","0"
"21.3396","0"
"21.34455","0"
"21.3495","0"
"21.35445","0"
"21.3594","0"
"21.36435","0"
"21.3693","0"
"21.37425","0"
"21.3792","0"
"21.38415","0"
"21.3891","0"
"21.39405","0"
"21.399","0"
"21.4049","0"
"21.4098","0"
"21.4147","0"
"21.4196","0"
"21.4245","0"
"21.4294","0"
"21.4343","0"
"21.4392","0"
"21.4441","0"
"21.449","0"
"21.4539","0"
"21.4588","0"
"21.4637","0"
"21.4686","0"
"21.4735","0"
"21.4784","0"
"21.4833","0"
"21.4882","0"
"21.4931","0"
"21.498","0"
"21.5048","0"
"21.5096","0"
"21.5144","0"
"21.5192","0"
"21.524","0"
"21.5288","0"
"21.5336","0"
"21.5384","0"
"21.5432","0"
"21.548","0"
"21.5528","0"
"21.5576","0"
"21.5624","0"
"21.5672","0"
"21.572","0"
"21.5768","0"
"21.5816","0"
"21.5864","0"
"21.5912","0"
"21.596","0"
"21.6049","0"
"21.6098","0"
"21.6147","0"
"21.6196","0"
"21.6245","0"
"21.6294","0"
"21.6343","0"
"21.6392","0"
"21.6441","0"
"21.649","0"
"21.6539","0"
"21.6588","0"
"21.6637","0"
"21.6686","0"
"21.6735","0"
"21.6784","0"
"21.6833","0"
"21.6882","0"
"21.6931","0"
"21.698","0"
"21.70485","0"
"21.7097","0"
"21.71455","0"
"21.7194","0"
"21.72425","0"
"21.7291","0"
"21.73395","0"
"21.7388","0"
"21.74365","0"
"21.7485","0"
"21.75335","0"
"21.7582","0"
"21.76305","0"
"21.7679","0"
"21.77275","0"
"21.7776","0"
"21.78245","0"
"21.7873","0"
"21.79215","0"
"21.797","0"
"21.80495","0"
"21.8099","0"
"21.81485","0"
"21.8198","0"
"21.82475","0"
"21.8297","0"
"21.83465","0"
"21.8396","0"
"21.84455","0"
"21.8495","0"
"21.85445","0"
"21.8594","0"
"21.86435","0"
"21.8693","0"
"21.87425","0"
"21.8792","0"
"21.88415","0"
"21.8891","0"
"21.89405","0"
"21.899","0"
"21.90485","0"
"21.9097","0"
"21.91455","0"
"21.9194","0"
"21.92425","0"
"21.9291","0"
"21.93395","0"
"21.9388","0"
"21.94365","0"
"21.9485","0"
"21.95335","0"
"21.9582","0"
"21.96305","0"
"21.9679","0"
"21.97275","0"
"21.9776","0"
"21.98245","0"
"21.9873","0"
"21.99215","0"
"21.997","0"
"22.005","0"
"22.01","0"
"22.015","0"
"22.02","0"
"22.025","0"
"22.03","0"
"22.035","0"
"22.04","0"
"22.045","0"
"22.05","0"
"22.055","0"
"22.06","0"
"22.065","0"
"22.07","0"
"22.075","0"
"22.08","0"
"22.085","0"
"22.09","0"
"22.095","0"
"22.1","0"
"22.1049","0"
"22.1098","0"
"22.1147","0"
"22.1196","0"
"22.1245","0"
"22.1294","0"
"22.1343","0"
"22.1392","0"
"22.1441","0"
"22.149","0"
"22.1539","0"
"22.1588","0"
"22.1637","0"
"22.1686","0"
"22.1735","0"
"22.1784","0"
"22.1833","0"
"22.1882","0"
"22.1931","0"
"22.198","0"
"22.2048","0"
"22.2096","0"
"22.2144","0"
"22.2192","0"
"22.224","0"
"22.2288","0"
"22.2336","0"
"22.2384","0"
"22.2432","0"
"22.248","0"
"22.2528","0"
"22.2576","0"
"22.2624","0"
"22.2672","0"
"22.272","0"
"22.2768","0"
"22.2816","0"
"22.2864","0"
"22.2912","0"
"22.296","0"
"22.3049","0"
"22.3098","0"
"22.3147","0"
"22.3196","0"
"22.3245","0"
"22.3294","0"
"22.3343","0"
"22.3392","0"
"22.3441","0"
"22.349","0"
"22.3539","0"
"22.3588","0"
"22.3637","0"
"22.3686","0"
"22.3735","0"
"22.3784","0"
"22.3833","0"
"22.3882","0"
"22.3931","0"
"22.398","0"
"22.40485","0"
"22.4097","0"
"22.41455","0"
"22.4194","0"
"22.42425","0"
"22.4291","0"
"22.43395","0"
"22.4388","0"
"22.44365","0"
"22.4485","0"
"22.45335","0"
"22.4582","0"
"22.46305","0"
"22.4679","0"
"22.47275","0"
"22.4776","0"
"22.48245","0"
"22.4873","0"
"22.49215","0"
"22.497","0"
"22.50475","0"
"22.5095","0"
"22.51425","0"
"22.519","0"
"22.52375","0"
"22.5285","0"
"22.53325","0"
"22.538","0"
"22.54275","0"
"22.5475","0"
"22.55225","0"
"22.557","0"
"22.56175","0"
"22.5665","0"
"22.57125","0"
"22.576","0"
"22.58075","0"
"22.5855","0"
"22.59025","0"
"22.595","0"
"22.6047","0"
"22.6094","0"
"22.6141","0"
"22.6188","0"
"22.6235","0"
"22.6282","0"
"22.6329","0"
"22.6376","0"
"22.6423","0"
"22.647","0"
"22.6517","0"
"22.6564","0"
"22.6611","0"
"22.6658","0"
"22.6705","0"
"22.6752","0"
"22.6799","0"
"22.6846","0"
"22.6893","0"
"22.694","0"
"22.7048","0"
"22.7096","0"
"22.7144","0"
"22.7192","0"
"22.724","0"
"22.7288","0"
"22.7336","0"
"22.7384","0"
"22.7432","0"
"22.748","0"
"22.7528","0"
"22.7576","0"
"22.7624","0"
"22.7672","0"
"22.772","0"
"22.7768","0"
"22.7816","0"
"22.7864","0"
"22.7912","0"
"22.796","0"
"22.8047","0"
"22.8094","0"
"22.8141","0"
"22.8188","0"
"22.8235","0"
"22.8282","0"
"22.8329","0"
"22.8376","0"
"22.8423","0"
"22.847","0"
"22.8517","0"
"22.8564","0"
"22.8611","0"
"22.8658","0"
"22.8705","0"
"22.8752","0"
"22.8799","0"
"22.8846","0"
"22.8893","0"
"22.894","0"
"22.9046","0"
"22.9092","0"
"22.9138","0"
"22.9184","0"
"22.923","0"
"22.9276","0"
"22.9322","0"
"22.9368","0"
"22.9414","0"
"22.946","0"
"22.9506","0"
"22.9552","0"
"22.9598","0"
"22.9644","0"
"22.969","0"
"22.9736","0"
"22.9782","0"
"22.9828","0"
"22.9874","0"
"22.992","0"
"23.0047","0"
"23.0094","0"
"23.0141","0"
"23.0188","0"
"23.0235","0"
"23.0282","0"
"23.0329","0"
"23.0376","0"
"23.0423","0"
"23.047","0"
"23.0517","0"
"23.0564","0"
"23.0611","0"
"23.0658","0"
"23.0705","0"
"23.0752","0"
"23.0799","0"
"23.0846","0"
"23.0893","0"
"23.094","0"
"23.10465","0"
"23.1093","0"
"23.11395","0"
"23.1186","0"
"23.12325","0"
"23.1279","0"
"23.13255","0"
"23.1372","0"
"23.14185","0"
"23.1465","0"
"23.15115","0"
"23.1558","0"
"23.16045","0"
"23.1651","0"
"23.16975","0"
"23.1744","0"
"23.17905","0"
"23.1837","0"
"23.18835","0"
"23.193","0"
"23.20475","0"
"23.2095","0"
"23.21425","0"
"23.219","0"
"23.22375","0"
"23.2285","0"
"23.23325","0"
"23.238","0"
"23.24275","0"
"23.2475","0"
"23.25225","0"
"23.257","0"
"23.26175","0"
"23.2665","0"
"23.27125","0"
"23.276","0"
"23.28075","0"
"23.2855","0"
"23.29025","0"
"23.295","0"
"23.30465","0"
"23.3093","0"
"23.31395","0"
"23.3186","0"
"23.32325","0"
"23.3279","0"
"23.33255","0"
"23.3372","0"
"23.34185","0"
"23.3465","0"
"23.35115","0"
"23.3558","0"
"23.36045","0"
"23.3651","0"
"23.36975","0"
"23.3744","0"
"23.37905","0"
"23.3837","0"
"23.38835","0"
"23.393","0"
"23.40475","0"
"23.4095","0"
"23.41425","0"
"23.419","0"
"23.42375","0"
"23.4285","0"
"23.43325","0"
"23.438","0"
"23.44275","0"
"23.4475","0"
"23.45225","0"
"23.457","0"
"23.46175","0"
"23.4665","0"
"23.47125","0"
"23.476","0"
"23.48075","0"
"23.4855","0"
"23.49025","0"
"23.495","0"
"23.5047","0"
"23.5094","0"
"23.5141","0"
"23.5188","0"
"23.5235","0"
"23.5282","0"
"23.5329","0"
"23.5376","0"
"23.5423","0"
"23.547","0"
"23.5517","0"
"23.5564","0"
"23.5611","0"
"23.5658","0"
"23.5705","0"
"23.5752","0"
"23.5799","0"
"23.5846","0"
"23.5893","0"
"23.594","0"
"23.60455","0"
"23.6091","0"
"23.61365","0"
"23.6182","0"
"23.62275","0"
"23.6273","0"
"23.63185","0"
"23.6364","0"
"23.64095","0"
"23.6455","0"
"23.65005","0"
"23.6546","0"
"23.65915","0"
"23.6637","0"
"23.66825","0"
"23.6728","0"
"23.67735","0"
"23.6819","0"
"23.68645","0"
"23.691","0"
"23.70465","0"
"23.7093","0"
"23.71395","0"
"23.7186","0"
"23.72325","0"
"23.7279","0"
"23.73255","0"
"23.7372","0"
"23.74185","0"
"23.7465","0"
"23.75115","0"
"23.7558","0"
"23.76045","0"
"23.7651","0"
"23.76975","0"
"23.7744","0"
"23.77905","0"
"23.7837","0"
"23.78835","0"
"23.793","0"
"23.8046","0"
"23.8092","0"
"23.8138","0"
"23.8184","0"
"23.823","0"
"23.8276","0"
"23.8322","0"
"23.8368","0"
"23.8414","0"
"23.846","0"
"23.8506","0"
"23.8552","0"
"23.8598","0"
"23.8644","0"
"23.869","0"
"23.8736","0"
"23.8782","0"
"23.8828","0"
"23.8874","0"
"23.892","0"
"23.9047","0"
"23.9094","0"
"23.9141","0"
"23.9188","0"
"23.9235","0"
"23.9282","0"
"23.9329","0"
"23.9376","0"
"23.9423","0"
"23.947","0"
"23.9517","0"
"23.9564","0"
"23.9611","0"
"23.9658","0"
"23.9705","0"
"23.9752","0"
"23.9799","0"
"23.9846","0"
"23.9893","0"
"23.994","0"
"24.00465","0"
"24.0093","0"
"24.01395","0"
"24.0186","0"
"24.02325","0"
"24.0279","0"
"24.03255","0"
"24.0372","0"
"24.04185","0"
"24.0465","0"
"24.05115","0"
"24.0558","0"
"24.06045","0"
"24.0651","0"
"24.06975","0"
"24.0744","0"
"24.07905","0"
"24.0837","0"
"24.08835","0"
"24.093","0"
"24.1","0"
"24.105","0"
"24.11","0"
"24.115","0"
"24.12","0"
"24.125","0"
"24.13","0"
"24.135","0"
"24.14","0"
"24.145","0"
"24.15","0"
"24.155","0"
"24.16","0"
"24.165","0"
"24.17","0"
"24.175","0"
"24.18","0"
"24.185","0"
"24.19","0"
"24.195","0"
"24.20465","0"
"24.2093","0"
"24.21395","0"
"24.2186","0"
"24.22325","0"
"24.2279","0"
"24.23255","0"
"24.2372","0"
"24.24185","0"
"24.2465","0"
"24.25115","0"
"24.2558","0"
"24.26045","0"
"24.2651","0"
"24.26975","0"
"24.2744","0"
"24.27905","0"
"24.2837","0"
"24.28835","0"
"24.293","0"
"24.30475","0"
"24.3095","0"
"24.31425","0"
"24.319","0"
"24.32375","0"
"24.3285","0"
"24.33325","0"
"24.338","0"
"24.34275","0"
"24.3475","0"
"24.35225","0"
"24.357","0"
"24.36175","0"
"24.3665","0"
"24.37125","0"
"24.376","0"
"24.38075","0"
"24.3855","0"
"24.39025","0"
"24.395","0"
"24.4047","0"
"24.4094","0"
"24.4141","0"
"24.4188","0"
"24.4235","0"
"24.4282","0"
"24.4329","0"
"24.4376","0"
"24.4423","0"
"24.447","0"
"24.4517","0"
"24.4564","0"
"24.4611","0"
"24.4658","0"
"24.4705","0"
"24.4752","0"
"24.4799","0"
"24.4846","0"
"24.4893","0"
"24.494","0"
"24.5048","0"
"24.5096","0"
"24.5144","0"
"24.5192","0"
"24.524","0"
"24.5288","0"
"24.5336","0"
"24.5384","0"
"24.5432","0"
"24.548","0"
"24.5528","0"
"24.5576","0"
"24.5624","0"
"24.5672","0"
"24.572","0"
"24.5768","0"
"24.5816","0"
"24.5864","0"
"24.5912","0"
"24.596","0"
"24.60475","0"
"24.6095","0"
"24.61425","0"
"24.619","0"
"24.62375","0"
"24.6285","0"
"24.63325","0"
"24.638","0"
"24.64275","0"
"24.6475","0"
"24.65225","0"
"24.657","0"
"24.66175","0"
"24.6665","0"
"24.67125","0"
"24.676","0"
"24.68075","0"
"24.6855","0"
"24.69025","0"
"24.695","0"
"24.70485","0"
"24.7097","0"
"24.71455","0"
"24.7194","0"
"24.72425","0"
"24.7291","0"
"24.73395","0"
"24.7388","0"
"24.74365","0"
"24.7485","0"
"24.75335","0"
"24.7582","0"
"24.76305","0"
"24.7679","0"
"24.77275","0"
"24.7776","0"
"24.78245","0"
"24.7873","0"
"24.79215","0"
"24.797","0"
"24.80475","0"
"24.8095","0"
"24.81425","0"
"24.819","0"
"24.82375","0"
"24.8285","0"
"24.83325","0"
"24.838","0"
"24.84275","0"
"24.8475","0"
"24.85225","0"
"24.857","0"
"24.86175","0"
"24.8665","0"
"24.87125","0"
"24.876","0"
"24.88075","0"
"24.8855","0"
"24.89025","0"
"24.895","0"
"24.9049","0"
"24.9098","0"
"24.9147","0"
"24.9196","0"
"24.9245","-0.000710472033001119"
"24.9294","-0.00163725456600283"
"24.9343","-0.00275631309900382"
"24.9392","-0.00406764763200484"
"24.9441","-0.00509056816500586"
"24.949","-0.00582507469800753"
"24.9539","-0.0065115122310086"
"24.9588","-0.00714988076400974"
"24.9637","-0.0077161457970108"
"24.9686","-0.00821030733001193"
"24.9735","-0.00877657236301344"
"24.9784","-0.00941494089601458"
"24.9833","-0.0100052404290156"
"24.9882","-0.0105474709620167"
"24.9931","-0.0111377704950178"
"24.998","-0.0117761390280194"
"25.0048","-0.0126953922166739"
"25.0096","-0.01336782082043"
"25.0144","-0.0138989854241867"
"25.0192","-0.0142888860279429"
"25.024","-0.0144198026316991"
"25.0288","-0.0142917352354555"
"25.0336","-0.0141636678392117"
"25.0384","-0.0140356004429679"
"25.0432","-0.0140958850467242"
"25.048","-0.0143445216504802"
"25.0528","-0.0148050542542364"
"25.0576","-0.0154774828579927"
"25.0624","-0.0160321914617493"
"25.0672","-0.0164691800655055"
"25.072","-0.0170474326692617"
"25.0768","-0.0177669492730179"
"25.0816","-0.0184864658767741"
"25.0864","-0.0192059824805308"
"25.0912","-0.019925499084287"
"25.096","-0.0206450156880432"
"25.1047","-0.0219491395323517"
"25.1094","-0.022653666206863"
"25.1141","-0.0233120858813738"
"25.1188","-0.0239243985558856"
"25.1235","-0.0245136577303969"
"25.1282","-0.0250798634049082"
"25.1329","-0.02564606907942"
"25.1376","-0.0262122747539309"
"25.1423","-0.0260868754284422"
"25.147","-0.0252698711029536"
"25.1517","-0.0256285952774652"
"25.1564","-0.0271630479519765"
"25.1611","-0.0279597886264872"
"25.1658","-0.0280188173009986"
"25.1705","-0.02766288297551"
"25.1752","-0.0268919856500214"
"25.1799","-0.0261210883245327"
"25.1846","-0.0253501909990442"
"25.1893","-0.0254783801735555"
"25.194","-0.0265056558480668"
"25.20485","-0.0290900096711403"
"25.2097","-0.0303403847395203"
"25.21455","-0.0318524415578982"
"25.2194","-0.0336261801262774"
"25.22425","-0.0348051874446564"
"25.2291","-0.0353894635130348"
"25.23395","-0.0359737395814137"
"25.2388","-0.0365580156497921"
"25.24365","-0.0368330314681711"
"25.2485","-0.0367987870365499"
"25.25335","-0.0373592738549283"
"25.2582","-0.0385144919233082"
"25.26305","-0.0387895077416868"
"25.2679","-0.0381843213100654"
"25.27275","-0.0379597628784442"
"25.2776","-0.038115832446823"
"25.28245","-0.0382719020152017"
"25.2873","-0.0384279715835804"
"25.29215","-0.0394166649019601"
"25.297","-0.0412379819703379"
"25.30475","-0.0430079214868189"
"25.3095","-0.0433937606259528"
"25.31425","-0.044804744765087"
"25.319","-0.0472408739042197"
"25.32375","-0.0508885380433546"
"25.3285","-0.0557477371824861"
"25.33325","-0.0606069363216213"
"25.338","-0.0654661354607566"
"25.34275","-0.0658053770998903"
"25.3475","-0.0616246612390228"
"25.35225","-0.059447637878156"
"25.357","-0.0592743070172899"
"25.36175","-0.0576797524064233"
"25.3665","-0.0546639740455585"
"25.37125","-0.0528597306846917"
"25.376","-0.0522670223238254"
"25.38075","-0.0516743139629595"
"25.3855","-0.0510816056020931"
"25.39025","-0.0516305359912271"
"25.395","-0.0533211051303601"
"25.40465","-0.0627669525524957"
"25.4093","-0.0702152262623815"
"25.41395","-0.0781652814722731"
"25.4186","-0.0866171181821584"
"25.42325","-0.0878159313920478"
"25.4279","-0.0817617211019346"
"25.43255","-0.075707510811826"
"25.4372","-0.0696533005217128"
"25.44185","-0.0647623109816038"
"25.4465","-0.0610345421914914"
"25.45115","-0.0537714946513778"
"25.4558","-0.0429731683612712"
"25.46045","-0.0343644340711571"
"25.4651","-0.0279452917810487"
"25.46975","-0.023373617740936"
"25.4744","-0.020649411950824"
"25.47905","-0.017925206160714"
"25.4837","-0.015201000370602"
"25.48835","-0.0137996730804925"
"25.493","-0.0137212242903814"
"25.505","-0.0259382357997725"
"25.51","-0.0362034322620239"
"25.515","-0.0396997287242693"
"25.52","-0.0364271251865161"
"25.525","-0.0312170466487632"
"25.53","-0.0240694931110057"
"25.535","-0.0169219395732532"
"25.54","-0.00977438603550074"
"25.545","-0.00799780749774598"
"25.55","-0.0115922039599914"
"25.555","-0.0135679504222371"
"25.56","-0.0139250468844832"
"25.565","-0.00672844334672557"
"25.57","0.00802186019102541"
"25.575","0.014212938728778"
"25.58","0.0118447922665324"
"25.585","0.00947664580428509"
"25.59","0.00710849934203939"
"25.595","0.0129071778797921"
"25.6","0.0268726814175532"
"25.6047","0.0322542787430415"
"25.6094","0.0298899000685303"
"25.6141","0.0328969868940164"
"25.6188","0.0412755392195109"
"25.6235","0.0458963710449992"
"25.6282","0.0467594823704878"
"25.6329","0.0476225936959771"
"25.6376","0.048485705021465"
"25.6423","0.0507550798469535"
"25.647","0.054430718172442"
"25.6517","0.0581524634979332"
"25.6564","0.0619203158234216"
"25.6611","0.0663797731489066"
"25.6658","0.0715308354743989"
"25.6705","0.0764513627998872"
"25.6752","0.0811413551253755"
"25.6799","0.0858313474508639"
"25.6846","0.0905213397763522"
"25.6893","0.0929981961018407"
"25.694","0.0932619164273294"
"25.70465","0.102844474462747"
"25.7093","0.110951427252855"
"25.71395","0.114177414542967"
"25.7186","0.112522436333079"
"25.72325","0.11305705012319"
"25.7279","0.115781255913302"
"25.73255","0.118505461703412"
"25.7372","0.121229667493524"
"25.74185","0.122904693783634"
"25.7465","0.123530540573746"
"25.75115","0.125433649363857"
"25.7558","0.128614020153967"
"25.76045","0.130015347444079"
"25.7651","0.12963763123419"
"25.76975","0.131517931774302"
"25.7744","0.135656249064415"
"25.77905","0.139794566354524"
"25.7837","0.143932883644637"
"25.78835","0.148550174184746"
"25.793","0.153646437974859"
"25.80475","0.165832488788579"
"25.8095","0.170479179649447"
"25.81425","0.175964625510315"
"25.819","0.182288826371178"
"25.82375","0.188053857232046"
"25.8285","0.19325971809291"
"25.83325","0.198465578953777"
"25.838","0.203671439814645"
"25.84275","0.208784105675509"
"25.8475","0.213803576536376"
"25.85225","0.218077487397244"
"25.857","0.221605838258108"
"25.86175","0.224808006618976"
"25.8665","0.22768399247984"
"25.87125","0.228905767090707"
"25.876","0.228473330451573"
"25.88075","0.228040893812439"
"25.8855","0.227608457173305"
"25.89025","0.226873136784171"
"25.895","0.225834932645038"
"25.90485","0.221459569614413"
"25.9097","0.218210897546034"
"25.91455","0.20896733447766"
"25.9194","0.193728880409266"
"25.92425","0.177657802590895"
"25.9291","0.160754101022525"
"25.93395","0.143850399454142"
"25.9388","0.12694669788576"
"25.94365","0.111565508317377"
"25.9485","0.0977068307490057"
"25.95335","0.0997393721806259"
"25.9582","0.117663132612264"
"25.96305","0.127522337293881"
"25.9679","0.129316986225503"
"25.97275","0.143482045157127"
"25.9776","0.170017514088735"
"25.98245","0.196552983020363"
"25.9873","0.223088451951971"
"25.99215","0.253953564383622"
"25.997","0.289148320315225"
"26.00475","0.297375997048745"
"26.0095","0.272992445409623"
"26.01425","0.259000136270485"
"26.019","0.255399069631353"
"26.02375","0.25801876924222"
"26.0285","0.266859235103089"
"26.03325","0.275699700963951"
"26.038","0.284540166824819"
"26.04275","0.292961255185688"
"26.0475","0.30096296604655"
"26.05225","0.305726150657418"
"26.057","0.307250809018284"
"26.06175","0.30847258362915"
"26.0665","0.309391474490016"
"26.07125","0.313362501600881"
"26.076","0.320385664961749"
"26.08075","0.327408828322612"
"26.0855","0.33443199168348"
"26.09025","0.342363806294349"
"26.095","0.351204272155211"
"26.1047","0.356411239018455"
"26.1094","0.352709757343944"
"26.1141","0.354033938669431"
"26.1188","0.360383782994924"
"26.1235","0.362307355320413"
"26.1282","0.359804655645901"
"26.1329","0.357301955971388"
"26.1376","0.354799256296879"
"26.1423","0.355132137122368"
"26.147","0.358300598447856"
"26.1517","0.360085849773346"
"26.1564","0.360487891098835"
"26.1611","0.361719858424322"
"26.1658","0.363781751749812"
"26.1705","0.365797538075301"
"26.1752","0.367767217400789"
"26.1799","0.369736896726278"
"26.1846","0.371706576051766"
"26.1893","0.372984650377255"
"26.194","0.373571119702744"
"26.2048","0.375448491344292"
"26.2096","0.376518318740536"
"26.2144","0.378718258136781"
"26.2192","0.382048309533024"
"26.224","0.383400664929268"
"26.2288","0.382775324325512"
"26.2336","0.382149983721755"
"26.2384","0.381524643117999"
"26.2432","0.383465598514242"
"26.248","0.387972849910485"
"26.2528","0.386311573306729"
"26.2576","0.378481768702974"
"26.2624","0.36566063609921"
"26.2672","0.347848175495468"
"26.272","0.342631754891713"
"26.2768","0.350011374287956"
"26.2816","0.375590505684197"
"26.2864","0.419369149080468"
"26.2912","0.43225806447671"
"26.296","0.414257251872956"
"26.3047","0.400577813028646"
"26.3094","0.403423525354135"
"26.3141","0.410326653679623"
"26.3188","0.421287198005111"
"26.3235","0.4166174693306"
"26.3282","0.396317467656074"
"26.3329","0.367994847981565"
"26.3376","0.331649610307083"
"26.3423","0.302289583132574"
"26.347","0.279914766458047"
"26.3517","0.265631728283536"
"26.3564","0.259440468609025"
"26.3611","0.265467563934509"
"26.3658","0.28371301426001"
"26.3705","0.295780126585498"
"26.3752","0.301668900910987"
"26.3799","0.295731229736471"
"26.3846","0.277967113061974"
"26.3893","0.267925918887464"
"26.394","0.265607647212952"
"26.40465","0.271951433748369"
"26.4093","0.279784687538477"
"26.41395","0.290970754078592"
"26.4186","0.305509633368697"
"26.42325","0.31117610340881"
"26.4279","0.30797016419892"
"26.43255","0.304855457989032"
"26.4372","0.301831984779143"
"26.44185","0.298968169319255"
"26.4465","0.296264011609365"
"26.45115","0.293787936399475"
"26.4558","0.291539943689587"
"26.46045","0.2950168217297"
"26.4651","0.304218570519807"
"26.46975","0.313762443059921"
"26.4744","0.323648439350036"
"26.47905","0.323590038640147"
"26.4837","0.313587240930255"
"26.48835","0.309218080970371"
"26.493","0.310482558760482"
"26.50475","0.325607930824208"
"26.5095","0.336545284185069"
"26.51425","0.346620583795938"
"26.519","0.3558338296568"
"26.52375","0.357265293017666"
"26.5285","0.350914973878531"
"26.53325","0.3454500072394"
"26.538","0.340870393100264"
"26.54275","0.33808478271113"
"26.5475","0.337093176071996"
"26.55225","0.337592689432863"
"26.557","0.339583322793728"
"26.56175","0.338708209904594"
"26.5665","0.334967350765459"
"26.57125","0.330853711626327"
"26.576","0.326367292487192"
"26.58075","0.321391599598061"
"26.5855","0.315926632958925"
"26.59025","0.315587391319791"
"26.595","0.320373874680655"
"26.60465","0.327115998758523"
"26.6093","0.328927874548632"
"26.61395","0.328527350088743"
"26.6186","0.325914425378855"
"26.62325","0.325741983418966"
"26.6279","0.328010024209078"
"26.63255","0.330665805249188"
"26.6372","0.333709326539301"
"26.64185","0.33732305407941"
"26.6465","0.341506987869523"
"26.65115","0.345668113409635"
"26.6558","0.349806430699745"
"26.66045","0.353465774739857"
"26.6651","0.356646145529967"
"26.66975","0.359530009070079"
"26.6744","0.362117365360191"
"26.67905","0.365069653650301"
"26.6837","0.368386873940413"
"26.68835","0.369902242480523"
"26.693","0.369615759270634"
"26.7048","0.366631488619734"
"26.7096","0.364499332015978"
"26.7144","0.36180211941222"
"26.7192","0.358539850808464"
"26.724","0.348049574204709"
"26.7288","0.330331289600955"
"26.7336","0.3214420049972"
"26.7384","0.321381720393443"
"26.7432","0.323911275789687"
"26.748","0.32903067118593"
"26.7528","0.344344618582172"
"26.7576","0.369853117978413"
"26.7624","0.389428529374669"
"26.7672","0.403070852770901"
"26.772","0.407742912167144"
"26.7768","0.403444707563388"
"26.7816","0.399429030959633"
"26.7864","0.395695882355874"
"26.7912","0.384475741752119"
"26.796","0.365768609148365"
"26.8047","0.360495849804056"
"26.8094","0.373116246129544"
"26.8141","0.377875398955032"
"26.8188","0.374773308280521"
"26.8235","0.36835151360601"
"26.8282","0.358610014931492"
"26.8329","0.352510969256981"
"26.8376","0.350054376582472"
"26.8423","0.35384528240796"
"26.847","0.363883686733456"
"26.8517","0.368619786058944"
"26.8564","0.368053580384433"
"26.8611","0.367095465209922"
"26.8658","0.36574544053541"
"26.8705","0.364418469360898"
"26.8752","0.363114551686387"
"26.8799","0.356854131511872"
"26.8846","0.345637208837369"
"26.8893","0.339814805162858"
"26.894","0.339386920488347"
"26.9048","0.343383252129895"
"26.9096","0.347372535526139"
"26.9144","0.349195770922384"
"26.9192","0.348852958318627"
"26.924","0.343777801714872"
"26.9288","0.333970301111116"
"26.9336","0.330449048507361"
"26.9384","0.333214043903606"
"26.9432","0.341959215299849"
"26.948","0.356684562696091"
"26.9528","0.363781654092334"
"26.9576","0.363250489488578"
"26.9624","0.364084876884822"
"26.9672","0.366284816281065"
"26.972","0.374347211677308"
"26.9768","0.38827206307355"
"26.9816","0.389059362469794"
"26.9864","0.376709109866039"
"26.9912","0.371775217262283"
"26.996","0.374257684658527"
"27.00475","0.382087759599599"
"27.0095","0.388132375460462"
"27.01425","0.389004668821328"
"27.019","0.384704639682197"
"27.02375","0.382571394293062"
"27.0285","0.382604932653928"
"27.03325","0.385853698514793"
"27.038","0.392317691875661"
"27.04275","0.398199216486529"
"27.0475","0.403498272347393"
"27.05225","0.40784207945826"
"27.057","0.411230637819125"
"27.06175","0.413617349929992"
"27.0665","0.415002215790858"
"27.07125","0.417062745401724"
"27.076","0.41979893876259"
"27.08075","0.423443783373455"
"27.0855","0.427997279234323"
"27.09025","0.430756771345189"
"27.095","0.431722259706055"
"27.10485","0.42918283817543"
"27.1097","0.425696273607051"
"27.11455","0.427134083788671"
"27.1194","0.433496268720299"
"27.12425","0.457343552401908"
"27.1291","0.498675934833509"
"27.13395","0.50863029651514"
"27.1388","0.487206637446772"
"27.14365","0.47458500087839"
"27.1485","0.470765386810013"
"27.15335","0.458476799741631"
"27.1582","0.437719239673248"
"27.16305","0.428832515354874"
"27.1679","0.431816626786498"
"27.17275","0.417743845968126"
"27.1776","0.386614172899763"
"27.18245","0.37099509083138"
"27.1873","0.370886599763002"
"27.19215","0.361428933444621"
"27.197","0.342622091876251"
"27.20475","0.338989478609769"
"27.2095","0.352955669470629"
"27.21425","0.374563850331501"
"27.219","0.403814021192376"
"27.22375","0.422882638303233"
"27.2285","0.431769701664102"
"27.23325","0.43741823877497"
"27.238","0.439828249635835"
"27.24275","0.443449795496702"
"27.2475","0.448282876357566"
"27.25225","0.453978010968434"
"27.257","0.460535199329302"
"27.26175","0.460894920190168"
"27.2665","0.455057173551033"
"27.27125","0.442555984411905"
"27.276","0.423391352772765"
"27.28075","0.412124997383628"
"27.2855","0.408756918244496"
"27.29025","0.40103197285536"
"27.295","0.388950161216223"
"27.3047","0.372223439579467"
"27.3094","0.367968673904956"
"27.3141","0.367402468230445"
"27.3188","0.370524822555933"
"27.3235","0.368367925381422"
"27.3282","0.360931776706906"
"27.3329","0.357737472032394"
"27.3376","0.358785011357882"
"27.3423","0.36522706968337"
"27.347","0.377063647008867"
"27.3517","0.382122495334356"
"27.3564","0.380403614659845"
"27.3611","0.381151458485333"
"27.3658","0.384366026810823"
"27.3705","0.387442274136312"
"27.3752","0.3903802004618"
"27.3799","0.39191186328729"
"27.3846","0.392037262612779"
"27.3893","0.394813814438267"
"27.394","0.400241518763755"
"27.4048","0.408210900405304"
"27.4096","0.409751607801547"
"27.4144","0.406489339197789"
"27.4192","0.398424094594033"
"27.424","0.389134561990278"
"27.4288","0.378620741386523"
"27.4336","0.369802088782768"
"27.4384","0.362678604179007"
"27.4432","0.358615839575251"
"27.448","0.357613794971495"
"27.4528","0.355575814367739"
"27.4576","0.352501897763983"
"27.4624","0.348862925160224"
"27.4672","0.344658896556469"
"27.472","0.342809267952712"
"27.4768","0.343314039348956"
"27.4816","0.3434891947452"
"27.4864","0.343334734141444"
"27.4912","0.349513609537687"
"27.496","0.362025820933929"
"27.50475","0.378096295875003"
"27.5095","0.383162364235867"
"27.51425","0.383801670096734"
"27.519","0.380014213457602"
"27.52375","0.384917190568469"
"27.5285","0.398510601429339"
"27.53325","0.434470812290189"
"27.538","0.492797823151072"
"27.54275","0.509420071511942"
"27.5475","0.48433755737282"
"27.55225","0.456529089483678"
"27.557","0.425994667844559"
"27.56175","0.40764549245542"
"27.5665","0.401481563316284"
"27.57125","0.392335394177154"
"27.576","0.380206985038017"
"27.58075","0.358782374648893"
"27.5855","0.328061563009751"
"27.59025","0.30523902762061"
"27.595","0.290314768481483"
"27.6048","0.302978041415484"
"27.6096","0.330464236811704"
"27.6144","0.339680288207953"
"27.6192","0.330626195604198"
"27.624","0.315026871000444"
"27.6288","0.29288231439669"
"27.6336","0.287736525792934"
"27.6384","0.299589505189185"
"27.6432","0.322461076585426"
"27.648","0.356351239981666"
"27.6528","0.376656515377908"
"27.6576","0.383376902774151"
"27.6624","0.388143138170398"
"27.6672","0.390955221566641"
"27.672","0.395203488962884"
"27.6768","0.400887940359127"
"27.6816","0.41481279175537"
"27.6864","0.436978043151627"
"27.6912","0.441814910547871"
"27.696","0.429323393944116"
"27.70475","0.424192006385185"
"27.7095","0.430982182246048"
"27.71425","0.434720221856916"
"27.719","0.435406125217782"
"27.72375","0.43168856482865"
"27.7285","0.423567540689514"
"27.73325","0.419966474050379"
"27.738","0.420885364911245"
"27.74275","0.41940448452211"
"27.7475","0.415523832882979"
"27.75225","0.409965671243843"
"27.757","0.402729999604707"
"27.76175","0.399478414215575"
"27.7665","0.400210915076441"
"27.77125","0.402714120937306"
"27.776","0.406988031798174"
"27.78075","0.413661713909042"
"27.7855","0.422735167269904"
"27.79025","0.431808620630773"
"27.795","0.440882073991641"
"27.8047","0.461219003854881"
"27.8094","0.471949013180369"
"27.8141","0.479059623005857"
"27.8188","0.482550833331346"
"27.8235","0.481293022656835"
"27.8282","0.475286190982319"
"27.8329","0.471492495307808"
"27.8376","0.469911935633298"
"27.8423","0.463121284958787"
"27.847","0.451120543284267"
"27.8517","0.437713538109757"
"27.8564","0.422900269435246"
"27.8611","0.412812968260743"
"27.8658","0.407451634586228"
"27.8705","0.402574424411717"
"27.8752","0.398181337737206"
"27.8799","0.397799560062695"
"27.8846","0.40142909138818"
"27.8893","0.405058622713669"
"27.894","0.408688154039157"
"27.9048","0.413426121680705"
"27.9096","0.413930893076949"
"27.9144","0.422817328473198"
"27.9192","0.44008542786944"
"27.924","0.483322559265679"
"27.9288","0.552528722661915"
"27.9336","0.602334630058153"
"27.9384","0.632740281454416"
"27.9432","0.663145932850657"
"27.948","0.693551584246897"
"27.9528","0.70349749964314"
"27.9576","0.692983679039385"
"27.9624","0.700692914435633"
"27.9672","0.726625205831874"
"27.972","0.699960201228121"
"27.9768","0.620697900624373"
"27.9816","0.549158032020624"
"27.9864","0.485340595416875"
"27.9912","0.421523158813126"
"27.996","0.357705722209376"
"28.0047","0.305748153865062"
"28.0094","0.312097998190555"
"28.0141","0.319669678016037"
"28.0188","0.328463193341526"
"28.0235","0.325845226167014"
"28.0282","0.311815776492493"
"28.0329","0.297094721817983"
"28.0376","0.281682062143484"
"28.0423","0.266269402468962"
"28.047","0.250856742794452"
"28.0517","0.242913417119941"
"28.0564","0.24243942544543"
"28.0611","0.250403014770918"
"28.0658","0.266804185096405"
"28.0705","0.290651635921893"
"28.0752","0.321945367247403"
"28.0799","0.334957673072891"
"28.0846","0.329688553398384"
"28.0893","0.324419433723873"
"28.094","0.319150314049358"
"28.1048","0.316842739690906"
"28.1096","0.320172791087147"
"28.1144","0.324868394483394"
"28.1192","0.330929549879637"
"28.124","0.33348264927588"
"28.1288","0.332527692672124"
"28.1336","0.323567776068369"
"28.1384","0.306602899464602"
"28.1432","0.289638022860847"
"28.148","0.272673146257093"
"28.1528","0.261311741653338"
"28.1576","0.255553809049582"
"28.1624","0.252974316445824"
"28.1672","0.253573263842068"
"28.172","0.253630699238312"
"28.1768","0.253146622634556"
"28.1816","0.252356474030799"
"28.1864","0.251260253427042"
"28.1912","0.250164032823286"
"28.196","0.24906781221953"
"28.20475","0.251490124660599"
"28.2095","0.255204865521464"
"28.21425","0.258313838882331"
"28.219","0.260817044743198"
"28.22375","0.264741474354062"
"28.2285","0.27008712771493"
"28.23325","0.272473839825797"
"28.238","0.271901610686663"
"28.24275","0.271329381547529"
"28.2475","0.270757152408395"
"28.25225","0.267855048269261"
"28.257","0.262623069130126"
"28.26175","0.260955798740993"
"28.2665","0.262853237101859"
"28.27125","0.267266940462723"
"28.276","0.274196908823592"
"28.28075","0.280148329684459"
"28.2855","0.285121203045323"
"28.29025","0.290094076406191"
"28.295","0.295066949767059"
"28.30485","0.294266841236434"
"28.3097","0.288401351668054"
"28.31455","0.285319204349674"
"28.3194","0.285020399281296"
"28.32425","0.275967150212921"
"28.3291","0.258159457144552"
"28.33395","0.236093488326152"
"28.3388","0.209769243757786"
"28.34365","0.183444999189401"
"28.3485","0.157120754621016"
"28.35335","0.137933285052647"
"28.3582","0.125882590484266"
"28.36305","0.12023120416589"
"28.3679","0.120979126097512"
"28.37275","0.122702407279132"
"28.3776","0.125401047710752"
"28.38245","0.134950992142382"
"28.3873","0.151352240573996"
"28.39215","0.167753489005621"
"28.397","0.184154737437234"
"28.4048","0.212751024956128"
"28.4096","0.23171429235237"
"28.4144","0.239682511748619"
"28.4192","0.236655683144863"
"28.424","0.237772598541106"
"28.4288","0.243033257937349"
"28.4336","0.236404197333594"
"28.4384","0.217885416729826"
"28.4432","0.199366636126072"
"28.448","0.180847855522317"
"28.4528","0.179045314918561"
"28.4576","0.193959014314803"
"28.4624","0.196206041711049"
"28.4672","0.185786397107294"
"28.472","0.176802936503538"
"28.4768","0.169255659899783"
"28.4816","0.167806279296027"
"28.4864","0.17245479469227"
"28.4912","0.177103310088513"
"28.496","0.181751825484756"
"28.5047","0.186891400140449"
"28.5094","0.187892832465938"
"28.5141","0.188848157791426"
"28.5188","0.189757376116914"
"28.5235","0.191611787942403"
"28.5282","0.194411393267894"
"28.5329","0.200092686093382"
"28.5376","0.208655666418863"
"28.5423","0.217218646744358"
"28.547","0.225781627069846"
"28.5517","0.232385059895334"
"28.5564","0.237028945220823"
"28.5611","0.236209151046311"
"28.5658","0.229925677371801"
"28.5705","0.227584352197289"
"28.5752","0.229185175522779"
"28.5799","0.231154854848268"
"28.5846","0.233493390173754"
"28.5893","0.235831925499243"
"28.594","0.238170460824733"
"28.6048","0.238299690466282"
"28.6096","0.236026269862527"
"28.6144","0.232834633258769"
"28.6192","0.228724780655013"
"28.624","0.227416664051257"
"28.6288","0.228910283447501"
"28.6336","0.232028438843744"
"28.6384","0.236771130239991"
"28.6432","0.241513821636234"
"28.648","0.246256513032477"
"28.6528","0.24916277242872"
"28.6576","0.250232599824964"
"28.6624","0.249983963221208"
"28.6672","0.248416862617452"
"28.672","0.246614322013695"
"28.6768","0.244576341409939"
"28.6816","0.243974544806183"
"28.6864","0.244808932202427"
"28.6912","0.245643319598671"
"28.696","0.246477706994915"
"28.70475","0.244651063185984"
"28.7095","0.241842154046852"
"28.71425","0.238543971157717"
"28.719","0.234756514518582"
"28.72375","0.229804120379451"
"28.7285","0.223686788740315"
"28.73325","0.21899068085118"
"28.738","0.215715796712047"
"28.74275","0.212440912572913"
"28.7475","0.20916602843378"
"28.75225","0.233616656794654"
"28.757","0.285792797655535"
"28.76175","0.321939398516384"
"28.7665","0.342056459377256"
"28.77125","0.344210183988121"
"28.776","0.328400572348983"
"28.78075","0.327944836959849"
"28.7855","0.342842977820708"
"28.79025","0.357741118681579"
"28.795","0.372639259542449"
"28.80485","0.370631294761825"
"28.8097","0.353442122193442"
"28.81455","0.33860808537506"
"28.8194","0.326129184306679"
"28.82425","0.315934051238305"
"28.8291","0.30802268616993"
"28.83395","0.311744264351555"
"28.8388","0.327098785783169"
"28.84365","0.342453307214794"
"28.8485","0.357807828646418"
"28.85335","0.35655745357804"
"28.8582","0.338702182009657"
"28.86305","0.33550108844128"
"28.8679","0.346954172872913"
"28.87275","0.352055527554531"
"28.8776","0.350805152486153"
"28.88245","0.350625293667774"
"28.8873","0.351515951099395"
"28.89215","0.352406608531017"
"28.897","0.353297265962638"
"28.90475","0.357685553946157"
"28.9095","0.362192452307024"
"28.91425","0.36327443441789"
"28.919","0.360931500278755"
"28.92375","0.360732051139622"
"28.9285","0.362676087000488"
"28.93325","0.364876409111355"
"28.938","0.36733301747222"
"28.94275","0.369789625833087"
"28.9475","0.372246234193954"
"28.95225","0.37269915005482"
"28.957","0.371148373415686"
"28.96175","0.373232201776551"
"28.9665","0.378950635137419"
"28.97125","0.383667222248286"
"28.976","0.387381963109151"
"28.98075","0.388999816470017"
"28.9855","0.388520782330884"
"28.99025","0.38804174819175"
"28.995","0.387562714052616"
"29.00485","0.381786237771993"
"29.0097","0.376586847203609"
"29.01455","0.376692459385231"
"29.0194","0.382103074316853"
"29.02425","0.383184045748474"
"29.0291","0.379935373680094"
"29.03395","0.377329011361715"
"29.0388","0.375364958793337"
"29.04365","0.373400906224957"
"29.0485","0.371436853656579"
"29.05335","0.370495738838201"
"29.0582","0.370577561769822"
"29.06305","0.370159810451443"
"29.0679","0.369242484883064"
"29.07275","0.368777155064686"
"29.0776","0.368763820996307"
"29.08245","0.368013020177927"
"29.0873","0.36652475260955"
"29.09215","0.36503648504117"
"29.097","0.363548217472791"
"29.1048","0.359509577991688"
"29.1096","0.356011869387934"
"29.1144","0.355786776784178"
"29.1192","0.358834300180421"
"29.124","0.355595575576665"
"29.1288","0.34607060297291"
"29.1336","0.368306486369151"
"29.1384","0.422303225765429"
"29.1432","0.476299965161667"
"29.148","0.530296704557904"
"29.1528","0.571720947954144"
"29.1576","0.600572695350384"
"29.1624","0.628247242746645"
"29.1672","0.654744590142886"
"29.172","0.65320103353913"
"29.1768","0.623616572935377"
"29.1816","0.601589736331623"
"29.1864","0.587120523727858"
"29.1912","0.572651311124103"
"29.196","0.558182098520348"
"29.2049","0.529040078317548"
"29.2098","0.511721766784562"
"29.2147","0.49120686675155"
"29.2196","0.467495378218552"
"29.2245","0.441500612185555"
"29.2294","0.413222568652538"
"29.2343","0.397298258119551"
"29.2392","0.393727680586547"
"29.2441","0.390157103053547"
"29.249","0.386586525520546"
"29.2539","0.389937883987547"
"29.2588","0.400211178454544"
"29.2637","0.41762271942154"
"29.2686","0.442172506888535"
"29.2735","0.46802015735553"
"29.2784","0.495165670822544"
"29.2833","0.51377893678954"
"29.2882","0.523859955256537"
"29.2931","0.533940973723534"
"29.298","0.544021992190532"
"29.30485","0.556266885787255"
"29.3097","0.563628219218878"
"29.31455","0.5667312769005"
"29.3194","0.56557605883212"
"29.32425","0.558782788513745"
"29.3291","0.546351465945373"
"29.33395","0.534158035876982"
"29.3388","0.522202498308609"
"29.34365","0.510246960740228"
"29.3485","0.498291423171846"
"29.35335","0.487620505103473"
"29.3582","0.478234206535092"
"29.36305","0.475056902216715"
"29.3679","0.478088592148339"
"29.37275","0.482595215579958"
"29.3776","0.488576772511576"
"29.38245","0.489372272943198"
"29.3873","0.484981716874822"
"29.39215","0.480591160806442"
"29.397","0.476200604738065"
"29.40495","0.477192611363094"
"29.4099","0.482909023365472"
"29.41485","0.488358358117845"
"29.4198","0.493540615620222"
"29.42475","0.4986257541226"
"29.4297","0.503613773624977"
"29.43465","0.502701813877353"
"29.4396","0.495889874879733"
"29.44455","0.489077935882108"
"29.4495","0.482265996884483"
"29.45445","0.478853222886859"
"29.4594","0.478839613889235"
"29.46435","0.480137111391611"
"29.4693","0.482745715393987"
"29.47425","0.485208640896364"
"29.4792","0.487525887898741"
"29.48415","0.487900754901117"
"29.4891","0.486333241903496"
"29.49405","0.484765728905872"
"29.499","0.483198215908248"
"29.5049","0.481098351082796"
"29.5098","0.479162119549796"
"29.5147","0.474005265016792"
"29.5196","0.465627787483798"
"29.5245","0.447876854950787"
"29.5294","0.420752467417771"
"29.5343","0.395863288384791"
"29.5392","0.373209317851777"
"29.5441","0.350555347318779"
"29.549","0.327901376785782"
"29.5539","0.311712686752771"
"29.5588","0.301989277219779"
"29.5637","0.287555105686769"
"29.5686","0.268410172153771"
"29.5735","0.26469538762077"
"29.5784","0.276410752087776"
"29.5833","0.319899725554737"
"29.5882","0.395162308021778"
"29.5931","0.470424890488765"
"29.598","0.545687472955752"
"29.60505263","0.6070017384293"
"29.61010526","0.617248071433895"
"29.61515789","0.623008654261335"
"29.62021053","0.624283489434735"
"29.62526316","0.638569475913772"
"29.63031579","0.665866616221572"
"29.63536842","0.673039838607562"
"29.64042105","0.66008914307175"
"29.64547368","0.647138447535947"
"29.65052632","0.634187726368541"
"29.65557895","0.609688082862843"
"29.66063158","0.573639491387224"
"29.66568421","0.554988671316923"
"29.67073684","0.553735622651915"
"29.67578947","0.551813428932858"
"29.68084211","0.549222085031057"
"29.68589474","0.548539048819499"
"29.69094737","0.549764315169492"
"29.696","0.550989581519485"
"29.7","0.551959584349687"
"29.7049","0.548845662316684"
"29.7098","0.54142956478369"
"29.7147","0.540815230750688"
"29.7196","0.547002660217686"
"29.7245","0.554560056184683"
"29.7294","0.563487418651687"
"29.7343","0.567631915618683"
"29.7392","0.566993547085681"
"29.7441","0.56635517855268"
"29.749","0.565716810019679"
"29.7539","0.566712787486678"
"29.7588","0.569343110953677"
"29.7637","0.571108192420675"
"29.7686","0.572008031887674"
"29.7735","0.572907871354672"
"29.7784","0.573807710821672"
"29.7833","0.569612236288671"
"29.7882","0.560321447755672"
"29.7931","0.551030659222672"
"29.798","0.541739870689672"
"29.80485","0.534228405286395"
"29.8097","0.532787716218016"
"29.81455","0.534986782399637"
"29.8194","0.54082560383126"
"29.82425","0.54454718201288"
"29.8291","0.5461515169445"
"29.83395","0.545947868876121"
"29.8388","0.543936237807743"
"29.84365","0.544327320989365"
"29.8485","0.547121118420987"
"29.85335","0.547869040352608"
"29.8582","0.546571086784229"
"29.86305","0.543655464215851"
"29.8679","0.539122172647468"
"29.87275","0.535516661829091"
"29.8776","0.532838931760714"
"29.88245","0.532754229942335"
"29.8873","0.535262556373955"
"29.89215","0.535296800805576"
"29.897","0.532856963237199"
"29.90475","0.527095579970716"
"29.9095","0.522422770831581"
"29.91425","0.51761016919245"
"29.919","0.512657775053314"
"29.92375","0.502602954664185"
"29.9285","0.487445708025047"
"29.93325","0.491020656385914"
"29.938","0.51332779974677"
"29.94275","0.538640481857644"
"29.9475","0.566958702718518"
"29.95225","0.574750724829381"
"29.957","0.562016548190243"
"29.96175","0.548862994051115"
"29.9665","0.535290062411978"
"29.97125","0.539167894522845"
"29.976","0.560496490383701"
"29.98075","0.561392082494568"
"29.9855","0.541854670855443"
"29.99025","0.529563170466306"
"29.995","0.52451758132717"
"30.00485","0.519755704296547"
"30.0097","0.520218155228169"
"30.01455","0.52079955240979"
"30.0194","0.521499895841411"
"30.02425","0.523128020023032"
"30.0291","0.525683924954654"
"30.03395","0.521864310886274"
"30.0388","0.5116691778179"
"30.04365","0.507754406749518"
"30.0485","0.510119997681138"
"30.05335","0.50815594511276"
"30.0582","0.50186224904438"
"30.06305","0.498542209226001"
"30.0679","0.498195825657622"
"30.07275","0.499062693839243"
"30.0776","0.501142813770863"
"30.08245","0.503912821952487"
"30.0873","0.507372718384106"
"30.09215","0.510095148065728"
"30.097","0.51208011099735"
"30.1048","0.514507242516246"
"30.1096","0.515529981912489"
"30.1144","0.518153713308734"
"30.1192","0.522378436704977"
"30.124","0.526108736101221"
"30.1288","0.529344611497464"
"30.1336","0.530390894893708"
"30.1384","0.529247586289951"
"30.1432","0.524925837686195"
"30.148","0.517425649082439"
"30.1528","0.512256316478684"
"30.1576","0.509417839874928"
"30.1624","0.509216291271172"
"30.1672","0.511651670667415"
"30.172","0.512580234063659"
"30.1768","0.512001981459903"
"30.1816","0.508457184856147"
"30.1864","0.501945844252386"
"30.1912","0.496611703648631"
"30.196","0.492454763044875"
"30.2047","0.489870434200567"
"30.2094","0.491148508526057"
"30.2141","0.493878953351543"
"30.2188","0.498061768677031"
"30.2235","0.503028403002523"
"30.2282","0.508778856328012"
"30.2329","0.5110482311535"
"30.2376","0.50983652747899"
"30.2423","0.510169408304479"
"30.247","0.512046873629967"
"30.2517","0.512564182455456"
"30.2564","0.511721334780944"
"30.2611","0.509956347106434"
"30.2658","0.507269219431923"
"30.2705","0.506057515757412"
"30.2752","0.5063212360829"
"30.2799","0.505063425408389"
"30.2846","0.50228408373388"
"30.2893","0.501003219559368"
"30.294","0.501220832884856"
"30.30475","0.508204201741026"
"30.3095","0.514155622601894"
"30.31425","0.520922499712762"
"30.319","0.528504833073625"
"30.32375","0.52562602768449"
"30.3285","0.512286083545363"
"30.33325","0.524924245656233"
"30.338","0.56354051401711"
"30.34275","0.579999671127969"
"30.3475","0.574301716988833"
"30.35225","0.569162932849698"
"30.357","0.564583318710566"
"30.36175","0.55767382957143"
"30.3665","0.548434465432301"
"30.37125","0.534698442543163"
"30.376","0.516465760904024"
"30.38075","0.503731584264896"
"30.3855","0.49649591262576"
"30.39025","0.486837170986623"
"30.395","0.474755359347495"
"30.4047","0.449654821710732"
"30.4094","0.437285224036221"
"30.4141","0.429756861361716"
"30.4188","0.427069733687203"
"30.4235","0.429546590012691"
"30.4282","0.43718743033818"
"30.4329","0.448032707163668"
"30.4376","0.462082420489155"
"30.4423","0.472328306314643"
"30.447","0.478770364640132"
"30.4517","0.47813499846562"
"30.4564","0.470422207791109"
"30.4611","0.464853392616602"
"30.4658","0.461428552942091"
"30.4705","0.463444339267581"
"30.4752","0.470900751593069"
"30.4799","0.471418060418558"
"30.4846","0.464996265744052"
"30.4893","0.457398742569535"
"30.494","0.448625490895024"
"30.5048","0.432120884536573"
"30.5096","0.426410039932818"
"30.5144","0.422629803329059"
"30.5192","0.420780174725303"
"30.524","0.417117658121547"
"30.5288","0.411642253517791"
"30.5336","0.404071432914036"
"30.5384","0.394405196310274"
"30.5432","0.386410583706518"
"30.548","0.380087595102767"
"30.5528","0.375812934499012"
"30.5576","0.373586601895255"
"30.5624","0.380377621291503"
"30.5672","0.396185992687745"
"30.572","0.402411956083988"
"30.5768","0.399055511480233"
"30.5816","0.403162514876476"
"30.5864","0.414732966272727"
"30.5912","0.41992299366897"
"30.596","0.418732597065214"
"30.6047","0.409107140720904"
"30.6094","0.399872819046394"
"30.6141","0.394442324871887"
"30.6188","0.392815658197374"
"30.6235","0.390059370022863"
"30.6282","0.386173460348352"
"30.6329","0.384224044673839"
"30.6376","0.384211122999328"
"30.6423","0.385627518324817"
"30.647","0.388473230650305"
"30.6517","0.389843518975795"
"30.6564","0.389738383301283"
"30.6611","0.386912934626774"
"30.6658","0.381367172952259"
"30.6705","0.380224629777748"
"30.6752","0.383485305103236"
"30.6799","0.385270556428725"
"30.6846","0.385580383754214"
"30.6893","0.388587470579702"
"30.694","0.39429181690519"
"30.7048","0.395374578546739"
"30.7096","0.390511317942983"
"30.7144","0.397090441339231"
"30.7192","0.415111948735473"
"30.724","0.450179312131712"
"30.7288","0.50229253152795"
"30.7336","0.521090990924192"
"30.7384","0.506574690320426"
"30.7432","0.483794445716673"
"30.748","0.45275025711292"
"30.7528","0.431571004509166"
"30.7576","0.420256687905411"
"30.7624","0.409154267301648"
"30.7672","0.3982637426979"
"30.772","0.395849058094145"
"30.7768","0.401910213490388"
"30.7816","0.399566160886632"
"30.7864","0.388816900282868"
"30.7912","0.385790071679113"
"30.796","0.390485675075356"
"30.80475","0.415139900016423"
"30.8095","0.437260653377295"
"30.81425","0.454768254238166"
"30.819","0.467662702599027"
"30.82375","0.477691404709896"
"30.8285","0.484854360570759"
"30.83325","0.488848686431626"
"30.838","0.489674382292492"
"30.84275","0.495416114403356"
"30.8475","0.506073882764225"
"30.85225","0.513260137375093"
"30.857","0.516974878235958"
"30.86175","0.518243250346824"
"30.8665","0.517065253707691"
"30.87125","0.512206054568556"
"30.876","0.503665652929419"
"30.88075","0.495684421290289"
"30.8855","0.488262359651153"
"30.89025","0.480677206762017"
"30.895","0.472928962622887"
"30.90465","0.461968451200751"
"30.9093","0.458990594490864"
"30.91395","0.458590070030975"
"30.9186","0.460766877821085"
"30.92325","0.460708477111196"
"30.9279","0.458414867901306"
"30.93255","0.457170438191418"
"30.9372","0.456975187981529"
"30.94185","0.45769226777164"
"30.9465","0.459321677561751"
"30.95115","0.464281091851864"
"30.9558","0.472570510641972"
"30.96045","0.477233417682085"
"30.9651","0.478269812972195"
"30.96975","0.476637643012306"
"30.9744","0.472336907802415"
"30.97905","0.470773162592527"
"30.9837","0.471946407382639"
"30.98835","0.470268620922752"
"30.993","0.465739803212861"
"31.00475","0.456716634026581"
"31.0095","0.454047517387448"
"31.01425","0.451028919498313"
"31.019","0.447660840359181"
"31.02375","0.444782034970047"
"31.0285","0.442392503330912"
"31.03325","0.444616124191777"
"31.038","0.451452897552646"
"31.04275","0.454841455913513"
"31.0475","0.454781799274379"
"31.05225","0.453440711385245"
"31.057","0.450818192246112"
"31.06175","0.449150921856978"
"31.0665","0.448438900217844"
"31.07125","0.44861223107871"
"31.076","0.449670914439576"
"31.08075","0.449960739050442"
"31.0855","0.449481704911308"
"31.09025","0.447511550772174"
"31.095","0.444050276633042"
"31.1047","0.429131537996281"
"31.1094","0.41809904332177"
"31.1141","0.427007826147252"
"31.1188","0.45585788647276"
"31.1235","0.463429566298248"
"31.1282","0.449722865623738"
"31.1329","0.43963556444922"
"31.1376","0.433167662774714"
"31.1423","0.439840256100202"
"31.147","0.459653344425689"
"31.1517","0.460378134751178"
"31.1564","0.442014627076668"
"31.1611","0.440341853402158"
"31.1658","0.455359813727657"
"31.1705","0.464545238553145"
"31.1752","0.467898127878633"
"31.1799","0.457349756704123"
"31.1846","0.432900125029613"
"31.1893","0.424979852855102"
"31.194","0.43358894018059"
"31.2048","0.447968175822138"
"31.2096","0.451957459218382"
"31.2144","0.454345750614627"
"31.2192","0.45513305001087"
"31.224","0.451635341407114"
"31.2288","0.443852624803359"
"31.2336","0.440095932199603"
"31.2384","0.440365263595847"
"31.2432","0.44644996299209"
"31.248","0.458350030388333"
"31.2528","0.469049353784575"
"31.2576","0.478547933180818"
"31.2624","0.481595456577063"
"31.2672","0.47819192397331"
"31.272","0.475118007369554"
"31.2768","0.472373706765798"
"31.2816","0.469441054162042"
"31.2864","0.466320049558284"
"31.2912","0.461409700954528"
"31.296","0.454710008350773"
"31.30475","0.446874739541843"
"31.3095","0.444997780402708"
"31.31425","0.439905593763573"
"31.319","0.431598179624443"
"31.32375","0.427414644235308"
"31.3285","0.427354987596174"
"31.33325","0.42703904470704"
"31.338","0.426466815567906"
"31.34275","0.425871287678773"
"31.3475","0.425252461039639"
"31.35225","0.428244940650506"
"31.357","0.434848726511369"
"31.36175","0.435837513622235"
"31.3665","0.431211301983104"
"31.37125","0.429124654093969"
"31.376","0.429577569954836"
"31.38075","0.4339679745657"
"31.3855","0.442295867926569"
"31.39025","0.447897807537436"
"31.395","0.450773793398301"
"31.40485","0.445770345117676"
"31.4097","0.437906558549296"
"31.41455","0.430018982730921"
"31.4194","0.422107617662534"
"31.42425","0.417098541094158"
"31.4291","0.41499175302578"
"31.43395","0.413146646707401"
"31.4388","0.411563222139022"
"31.44365","0.412334933320644"
"31.4485","0.415461780252263"
"31.45335","0.417732214183883"
"31.4582","0.419146235115506"
"31.46305","0.420917094797127"
"31.4679","0.423044793228748"
"31.47275","0.429454556660371"
"31.4776","0.440146385091987"
"31.48245","0.445675946273609"
"31.4873","0.446043240205231"
"31.49215","0.443151406886849"
"31.497","0.437000446318473"
"31.50495","0.463261050943505"
"31.5099","0.502240720445889"
"31.51485","0.503999533198264"
"31.5198","0.468537489200634"
"31.52475","0.452256447703008"
"31.5297","0.455156408705384"
"31.53465","0.440307872457758"
"31.5396","0.407710838960152"
"31.54455","0.406094766462528"
"31.5495","0.435459654964889"
"31.55445","0.46482454346727"
"31.5594","0.494189431969652"
"31.56435","0.458460310722047"
"31.5693","0.357637179724405"
"31.57425","0.342278768726779"
"31.5792","0.412385077729168"
"31.58415","0.463480342481553"
"31.5891","0.495564562983912"
"31.59405","0.50188796873629"
"31.599","0.482450559738662"
"31.6049","0.45928273891321"
"31.6098","0.440041667380212"
"31.6147","0.448800788347209"
"31.6196","0.485560101814203"
"31.6245","0.507153645781213"
"31.6294","0.513581420248211"
"31.6343","0.527820407215208"
"31.6392","0.549870606682219"
"31.6441","0.573795497149197"
"31.649","0.599595078616211"
"31.6539","0.625394660083205"
"31.6588","0.6511942415502"
"31.6637","0.680959515517216"
"31.6686","0.714690481984185"
"31.6735","0.731429056951193"
"31.6784","0.731175240418192"
"31.6833","0.745029675385189"
"31.6882","0.772992361852204"
"31.6931","0.783481966819193"
"31.698","0.776498490286188"
"31.7048","0.766807135097536"
"31.7096","0.75996617849378"
"31.7144","0.757339597890022"
"31.7192","0.758927393286266"
"31.724","0.75931444468251"
"31.7288","0.758500752078753"
"31.7336","0.762654843474997"
"31.7384","0.771776718871246"
"31.7432","0.780003922267489"
"31.748","0.787336453663732"
"31.7528","0.794668985059975"
"31.7576","0.802001516456218"
"31.7624","0.804531071852463"
"31.7672","0.802257651248709"
"31.772","0.802503438644953"
"31.7768","0.805268434041196"
"31.7816","0.80379550943744"
"31.7864","0.79808466483368"
"31.7912","0.795905420229924"
"31.796","0.797257775626168"
"31.8049","0.79976526792337"
"31.8098","0.801145797390369"
"31.8147","0.799473945357366"
"31.8196","0.794749711824369"
"31.8245","0.790674409791366"
"31.8294","0.787248039258365"
"31.8343","0.779327217225365"
"31.8392","0.766911943692357"
"31.8441","0.758606569659363"
"31.849","0.75441109512636"
"31.8539","0.750215620593356"
"31.8588","0.746020146060358"
"31.8637","0.743122534527356"
"31.8686","0.741522785994356"
"31.8735","0.747085318461358"
"31.8784","0.759810131928364"
"31.8833","0.769698874395354"
"31.8882","0.776751545862357"
"31.8931","0.78327545832935"
"31.898","0.789270611796352"
"31.90485","0.797651591643075"
"31.9097","0.803585570074697"
"31.91455","0.830525456256305"
"31.9194","0.878471250187972"
"31.92425","0.902199587619582"
"31.9291","0.901710468551203"
"31.93395","0.889826298732822"
"31.9388","0.866547078164438"
"31.94365","0.846193935346054"
"31.9485","0.828766870277684"
"31.95335","0.811339805209314"
"31.9582","0.793912740140918"
"31.96305","0.778626707572547"
"31.9679","0.765481707504165"
"31.97275","0.762066510685786"
"31.9776","0.768381117117404"
"31.98245","0.770270923049026"
"31.9873","0.767735928480648"
"31.99215","0.76815080091227"
"31.997","0.77151554034389"
"32.00495","0.777030937968919"
"32.0099","0.780465053471296"
"32.01485","0.780524283723672"
"32.0198","0.777208628726048"
"32.02475","0.778676084478425"
"32.0297","0.784926650980802"
"32.03465","0.789744712233179"
"32.0396","0.793130268235556"
"32.04455","0.799356554987934"
"32.0495","0.808423572490312"
"32.05445","0.81749058999269"
"32.0594","0.826557607495068"
"32.06435","0.832565376497437"
"32.0693","0.835513896999814"
"32.07425","0.83416490175219"
"32.0792","0.828518390754565"
"32.08415","0.823575992506941"
"32.0891","0.819337707009316"
"32.09405","0.82153355526169"
"32.099","0.830163537264068"
"32.1049","0.840449778438624"
"32.1098","0.848992588905622"
"32.1147","0.85347356887262"
"32.1196","0.853892718339619"
"32.1245","0.854047488306617"
"32.1294","0.853937878773616"
"32.1343","0.855246304740613"
"32.1392","0.857972766207615"
"32.1441","0.859954158174614"
"32.149","0.861190480641612"
"32.1539","0.862426803108611"
"32.1588","0.863663125575609"
"32.1637","0.863385274542608"
"32.1686","0.861593250009607"
"32.1735","0.857662154976606"
"32.1784","0.851591989443597"
"32.1833","0.859437799410595"
"32.1882","0.88119958487759"
"32.1931","0.87308648684459"
"32.198","0.835098505311595"
"32.20505263","0.780421938332213"
"32.21010526","0.741250669937693"
"32.21515789","0.728993902606082"
"32.22021053","0.743651665347488"
"32.22526316","0.748718319970725"
"32.23031579","0.744193895485916"
"32.23536842","0.759768605772763"
"32.24042105","0.795442450831266"
"32.24547368","0.795403776523608"
"32.25052632","0.759652512092191"
"32.25557895","0.723901318418372"
"32.26063158","0.688150124744553"
"32.26568421","0.682931772055551"
"32.27073684","0.708246260351351"
"32.27578947","0.718938690058647"
"32.28084211","0.715009053400044"
"32.28589474","0.709418953458793"
"32.29094737","0.702168382457473"
"32.296","0.698090054675369"
"32.3","0.697372737505573"
"32.3049","0.696494023972571"
"32.3098","0.69561531043957"
"32.3147","0.691828422406569"
"32.3196","0.685133359873569"
"32.3245","0.697906242340566"
"32.3294","0.730147069807559"
"32.3343","0.725134422274559"
"32.3392","0.682868299741564"
"32.3441","0.673024717708564"
"32.349","0.69560367617556"
"32.3539","0.718182634642588"
"32.3588","0.740761593109583"
"32.3637","0.745963608076581"
"32.3686","0.733788679543582"
"32.3735","0.710125260010585"
"32.3784","0.674973349477589"
"32.3833","0.649771721944592"
"32.3882","0.634520377411593"
"32.3931","0.632488007878592"
"32.398","0.643674613345605"
"32.40505263","0.659775631573092"
"32.41010526","0.671310688385488"
"32.41515789","0.68078874373542"
"32.42021053","0.688209812310423"
"32.42526316","0.675804346077911"
"32.43031579","0.643572359725393"
"32.43536842","0.627845951372803"
"32.44042105","0.628625121020095"
"32.44547368","0.645116807862493"
"32.45052632","0.677321075637508"
"32.45557895","0.709525279674964"
"32.46063158","0.741729483712467"
"32.46568421","0.757948555903214"
"32.47073684","0.758182496247206"
"32.47578947","0.759482112047649"
"32.48084211","0.761847407985849"
"32.48589474","0.758363875807345"
"32.49094737","0.749031520193435"
"32.496","0.751124196798678"
"32.5","0.761825719628875"
"32.50495","0.775068854131254"
"32.5099","0.788311988633632"
"32.51485","0.792207419386004"
"32.5198","0.786755146388379"
"32.52475","0.784750597890755"
"32.5297","0.786193773893132"
"32.53465","0.794022524145509"
"32.5396","0.808236848647888"
"32.54455","0.816866830650266"
"32.5495","0.819912470152643"
"32.55445","0.82295810965502"
"32.5594","0.826003749157397"
"32.56435","0.826378616159773"
"32.5693","0.824082710662149"
"32.57425","0.822636596414525"
"32.5792","0.822040273416901"
"32.58415","0.822949294919278"
"32.5891","0.825363660921654"
"32.59405","0.838194039674015"
"32.599","0.861440431176395"
"32.60510526","0.890112201718602"
"32.61021053","0.914087778515646"
"32.61531579","0.917980185509677"
"32.62042105","0.901789469663129"
"32.62552632","0.91359495067607"
"32.63063158","0.953396582300305"
"32.63573684","0.960293945330336"
"32.64084211","0.934286988824767"
"32.64594737","0.904649094717094"
"32.65105263","0.871380212065968"
"32.65615789","0.838111329414795"
"32.66126316","0.804842381597723"
"32.66636842","0.780613408354852"
"32.67147368","0.765424344520281"
"32.67657895","0.758599061616816"
"32.68168421","0.760137586382647"
"32.68678947","0.745449348554077"
"32.69189474","0.714534287575906"
"32.697","0.692008122753434"
"32.70478947","0.670437761624983"
"32.70957895","0.657174880682185"
"32.71436842","0.643912027431082"
"32.71915789","0.631635852894679"
"32.72394737","0.620346333501463"
"32.72873684","0.617044236798758"
"32.73352632","0.621729548997558"
"32.73831579","0.621129072585101"
"32.74310526","0.615242817343896"
"32.74789474","0.624720579020295"
"32.75268421","0.649562318036881"
"32.75747368","0.674404057053467"
"32.76226316","0.699245847937465"
"32.76705263","0.712458873530804"
"32.77184211","0.714043189008804"
"32.77663158","0.706911839199039"
"32.78142105","0.691064827409437"
"32.78621053","0.680996912785038"
"32.791","0.676708137367632"
"32.8","0.656200113735589"
"32.8","0.656200113735589"
"32.80515789","0.637312543151833"
"32.81031579","0.618424935949334"
"32.81547368","0.597159217023276"
"32.82063158","0.57351530391475"
"32.82578947","0.556322796511171"
"32.83094737","0.545581628147646"
"32.83610526","0.536333148185379"
"32.84126316","0.528577320762844"
"32.84642105","0.52370564572842"
"32.85157895","0.521718104191893"
"32.85673684","0.519730566508765"
"32.86189474","0.517743024972238"
"32.86705263","0.516514470802609"
"32.87221053","0.516044899236085"
"32.87736842","0.515575328579955"
"32.88252632","0.515105757013431"
"32.88768421","0.5116002523033"
"32.89284211","0.505058800856776"
"32.898","0.498719757696237"
"32.90484211","0.490579293743784"
"32.90968421","0.48481836027381"
"32.91452632","0.479057414906251"
"32.91936842","0.475814034489284"
"32.92421053","0.475088205626323"
"32.92905263","0.47079980318735"
"32.93389474","0.46294880945938"
"32.93873684","0.456641614477924"
"32.94357895","0.451878192191457"
"32.94842105","0.443789709672493"
"32.95326316","0.432376133512035"
"32.95810526","0.420962580923072"
"32.96294737","0.409549004762598"
"32.96778947","0.400700506227621"
"32.97263158","0.394417048769971"
"32.97747368","0.3924324448795"
"32.98231579","0.394746686358939"
"32.98715789","0.397322178564469"
"32.992","0.400158932134007"
"33","0.401039457794413"
"33","0.401039457794413"
"33.00521053","0.399133866449528"
"33.01042105","0.397228278761836"
"33.01563158","0.391642385867343"
"33.02084211","0.382376191423272"
"33.02605263","0.374004530783781"
"33.03126316","0.366527371815187"
"33.03647368","0.361197065647096"
"33.04168421","0.35801359181971"
"33.04689474","0.353501120210519"
"33.05210526","0.347659662030437"
"33.05731579","0.341818192639444"
"33.06252632","0.335976723248467"
"33.06773684","0.328295117825177"
"33.07294737","0.318773346884579"
"33.07815789","0.30937938222109"
"33.08336842","0.300113187777005"
"33.08857895","0.288776823711256"
"33.09378947","0.275370315753567"
"33.099","0.265107372973147"
"33.10468421","0.257340813503607"
"33.10936842","0.250940593326532"
"33.11405263","0.244540373149448"
"33.11873684","0.238645626073463"
"33.12342105","0.233256352098579"
"33.12810526","0.227798149973544"
"33.13278947","0.222271019698352"
"33.13747368","0.215755919271027"
"33.14215789","0.208252848691542"
"33.14684211","0.202381065130373"
"33.15152632","0.198140593657989"
"33.15621053","0.193900122185604"
"33.16089474","0.189659650713214"
"33.16557895","0.18695857459418"
"33.17026316","0.185796893828496"
"33.17494737","0.185439374814563"
"33.17963158","0.18588601755238"
"33.18431579","0.184816240986896"
"33.189","0.182230045118112"
"33.20471429","0.174401904101818"
"33.20942857","0.172307824261416"
"33.21414286","0.170213739979011"
"33.21885714","0.168119660138606"
"33.22357143","0.166025575856201"
"33.22828571","0.163931496015799"
"33.233","0.162646737469148"
"33.23771429","0.162171304658247"
"33.24242857","0.159476012689446"
"33.24714286","0.154560850128143"
"33.25185714","0.148142667671933"
"33.25657143","0.140221438092129"
"33.26128571","0.13230022531493"
"33.266","0.124378995735125"
"33.27071429","0.118747001807872"
"33.27542857","0.115404250623868"
"33.28014286","0.111321537390766"
"33.28485714","0.106498879429156"
"33.28957143","0.102046188716853"
"33.29428571","0.0979634841440504"
"33.299","0.0937420293562476"
"33.3","0.0928171400638007"
"33.305","0.0881926936015522"
"33.31","0.0835682471393038"
"33.315","0.0801700506770606"
"33.32","0.0779981042148133"
"33.325","0.0772731327525671"
"33.33","0.0779951362903202"
"33.335","0.0769758648280735"
"33.34","0.074215318365826"
"33.345","0.0731224719035809"
"33.35","0.073697325441335"
"33.355","0.0742721789790884"
"33.36","0.0748470325168425"
"33.365","0.0737787110545959"
"33.37","0.0710672145923521"
"33.375","0.067325668130104"
"33.38","0.0625540716678556"
"33.385","0.0601123502056117"
"33.39","0.0600005037433655"
"33.4046","0.0591726210736068"
"33.4092","0.0587538403283407"
"33.4138","0.0583350595830739"
"33.4184","0.0579162788378079"
"33.423","0.0571139270925408"
"33.4276","0.0559280043472754"
"33.4322","0.0531175456020112"
"33.4368","0.0486825508567343"
"33.4414","0.0457818401114702"
"33.446","0.0444154133662049"
"33.4506","0.0450345306209389"
"33.4552","0.0476391918756705"
"33.4598","0.0502438531304059"
"33.4644","0.0528485143851414"
"33.469","0.0520010366398757"
"33.4736","0.0477014198946126"
"33.4782","0.0434018031493494"
"33.4828","0.039102186404073"
"33.4874","0.03482513265881"
"33.492","0.0305706419135471"
"33.5","0.0247018875739512"
"33.5","0.0247018875739512"
"33.50515789","0.0219047674764205"
"33.51031579","0.0191076419558965"
"33.51547368","0.0177019916331157"
"33.52063158","0.017687811057592"
"33.52578947","0.0176736305095608"
"33.53094737","0.017659449934037"
"33.53610526","0.018227156746356"
"33.54126316","0.0193767531478324"
"33.54642105","0.0206528445727513"
"33.55157895","0.0220554359692277"
"33.55673684","0.0234580246463966"
"33.56189474","0.0248606160428747"
"33.56705263","0.025428322855193"
"33.57221053","0.025161147284669"
"33.57736842","0.0239578925654882"
"33.58252632","0.0218185540319643"
"33.58768421","0.0182877498713837"
"33.59284211","0.0133654663928596"
"33.598","0.00968286552957898"
"33.6048","0.00646218634092166"
"33.6096","0.0041887657371672"
"33.6144","0.00191534513340963"
"33.6192","-0.000358075470344832"
"33.624","-0.00263149607410262"
"33.6288","-0.00408087667785961"
"33.6336","-0.00470621728161547"
"33.6384","-0.00530801388537216"
"33.6432","-0.00588626648912782"
"33.648","-0.00566402309288405"
"33.6528","-0.00464128369663974"
"33.6576","-0.00368917630039822"
"33.6624","-0.00280770090415372"
"33.6672","-0.00246773750791041"
"33.672","-0.00266928611166684"
"33.6768","-0.00270602671542297"
"33.6816","-0.00257795931917948"
"33.6864","-0.00223799592293539"
"33.6912","-0.00168613652669225"
"33.696","-0.00158161313044847"
"33.70452381","-0.00219037760961993"
"33.70904762","-0.00295725067999508"
"33.71357143","-0.00416790951137036"
"33.71809524","-0.00500135044589556"
"33.72261905","-0.00545757348356968"
"33.72714286","-0.00535906431999444"
"33.73166667","-0.00470582295516986"
"33.73619048","-0.00418571731864437"
"33.74071429","-0.0037987474104183"
"33.7452381","-0.00307893818144378"
"33.7497619","-0.00202629195862702"
"33.75428571","-0.00119553628940117"
"33.75880952","-0.00058667350067565"
"33.76333333","-2.22044604925031E-16"
"33.76785714","0"
"33.77238095","0"
"33.77690476","0"
"33.78142857","0"
"33.78595238","0"
"33.79047619","0"
"33.795","0"
"33.80485","0"
"33.8097","0"
"33.81455","0"
"33.8194","0"
"33.82425","0"
"33.8291","0"
"33.83395","0"
"33.8388","0"
"33.84365","0"
"33.8485","0"
"33.85335","0"
"33.8582","0"
"33.86305","0"
"33.8679","0"
"33.87275","0"
"33.8776","0"
"33.88245","0"
"33.8873","0"
"33.89215","0"
"33.897","0"
"33.90475","0"
"33.9095","0"
"33.91425","0"
"33.919","0"
"33.92375","0"
"33.9285","0"
"33.93325","0"
"33.938","0"
"33.94275","0"
"33.9475","0"
"33.95225","0"
"33.957","0"
"33.96175","0"
"33.9665","0"
"33.97125","0"
"33.976","0"
"33.98075","0"
"33.9855","0"
"33.99025","0"
"33.995","0"
"34.00465","0"
"34.0093","0"
"34.01395","0"
"34.0186","0"
"34.02325","0"
"34.0279","0"
"34.03255","0"
"34.0372","0"
"34.04185","0"
"34.0465","0"
"34.05115","0"
"34.0558","0"
"34.06045","0"
"34.0651","0"
"34.06975","0"
"34.0744","0"
"34.07905","0"
"34.0837","0"
"34.08835","0"
"34.093","0"
"34.10475","0"
"34.1095","0"
"34.11425","0"
"34.119","0"
"34.12375","0"
"34.1285","0"
"34.13325","0"
"34.138","0"
"34.14275","0"
"34.1475","0"
"34.15225","0"
"34.157","0"
"34.16175","0"
"34.1665","0"
"34.17125","0"
"34.176","0"
"34.18075","0"
"34.1855","0"
"34.19025","0"
"34.195","0"
"34.2047","0"
"34.2094","0"
"34.2141","0"
"34.2188","0"
"34.2235","0"
"34.2282","0"
"34.2329","0"
"34.2376","0"
"34.2423","0"
"34.247","0"
"34.2517","0"
"34.2564","0"
"34.2611","0"
"34.2658","0"
"34.2705","0"
"34.2752","0"
"34.2799","0"
"34.2846","0"
"34.2893","0"
"34.294","0"
"34.3048","0"
"34.3096","0"
"34.3144","0"
"34.3192","0"
"34.324","0"
"34.3288","0"
"34.3336","0"
"34.3384","0"
"34.3432","0"
"34.348","0"
"34.3528","0"
"34.3576","0"
"34.3624","0"
"34.3672","0"
"34.372","0"
"34.3768","0"
"34.3816","0"
"34.3864","0"
"34.3912","0"
"34.396","0"
"34.4047","0"
"34.4094","0"
"34.4141","0"
"34.4188","0"
"34.4235","0"
"34.4282","0"
"34.4329","0"
"34.4376","0"
"34.4423","0"
"34.447","0"
"34.4517","0"
"34.4564","0"
"34.4611","0"
"34.4658","0"
"34.4705","0"
"34.4752","0"
"34.4799","0"
"34.4846","0"
"34.4893","0"
"34.494","0"
"34.5048","0"
"34.5096","0"
"34.5144","0"
"34.5192","0"
"34.524","0"
"34.5288","0"
"34.5336","0"
"34.5384","0"
"34.5432","0"
"34.548","0"
"34.5528","0"
"34.5576","0"
"34.5624","0"
"34.5672","0"
"34.572","0"
"34.5768","0"
"34.5816","0"
"34.5864","0"
"34.5912","0"
"34.596","0"
"34.60475","0"
"34.6095","0"
"34.61425","0"
"34.619","0"
"34.62375","0"
"34.6285","0"
"34.63325","0"
"34.638","0"
"34.64275","0"
"34.6475","0"
"34.65225","0"
"34.657","0"
"34.66175","0"
"34.6665","0"
"34.67125","0"
"34.676","0"
"34.68075","0"
"34.6855","0"
"34.69025","0"
"34.695","0"
"34.70465","0"
"34.7093","0"
"34.71395","0"
"34.7186","0"
"34.72325","0"
"34.7279","0"
"34.73255","0"
"34.7372","0"
"34.74185","0"
"34.7465","0"
"34.75115","0"
"34.7558","0"
"34.76045","0"
"34.7651","0"
"34.76975","0"
"34.7744","0"
"34.77905","0"
"34.7837","0"
"34.78835","0"
"34.793","0"
"34.8048","0"
"34.8096","0"
"34.8144","0"
"34.8192","0"
"34.824","0"
"34.8288","0"
"34.8336","0"
"34.8384","0"
"34.8432","0"
"34.848","0"
"34.8528","0"
"34.8576","0"
"34.8624","0"
"34.8672","0"
"34.872","0"
"34.8768","0"
"34.8816","0"
"34.8864","0"
"34.8912","0"
"34.896","0"
"34.9047","0"
"34.9094","0"
"34.9141","0"
"34.9188","0"
"34.9235","0"
"34.9282","0"
"34.9329","0"
"34.9376","0"
"34.9423","0"
"34.947","0"
"34.9517","0"
"34.9564","0"
"34.9611","0"
"34.9658","0"
"34.9705","0"
"34.9752","0"
"34.9799","0"
"34.9846","0"
"34.9893","0"
"34.994","0"
"35.0048","0"
"35.0096","0"
"35.0144","0"
"35.0192","0"
"35.024","0"
"35.0288","0"
"35.0336","0"
"35.0384","0"
"35.0432","0"
"35.048","0"
"35.0528","0"
"35.0576","0"
"35.0624","0"
"35.0672","0"
"35.072","0"
"35.0768","0"
"35.0816","0"
"35.0864","0"
"35.0912","0"
"35.096","0"
"35.10475","0"
"35.1095","0"
"35.11425","0"
"35.119","0"
"35.12375","0"
"35.1285","0"
"35.13325","0"
"35.138","0"
"35.14275","0"
"35.1475","0"
"35.15225","0"
"35.157","0"
"35.16175","0"
"35.1665","0"
"35.17125","0"
"35.176","0"
"35.18075","0"
"35.1855","0"
"35.19025","0"
"35.195","0"
"35.20485","0"
"35.2097","0"
"35.21455","0"
"35.2194","0"
"35.22425","0"
"35.2291","0"
"35.23395","0"
"35.2388","0"
"35.24365","0"
"35.2485","0"
"35.25335","0"
"35.2582","0"
"35.26305","0"
"35.2679","0"
"35.27275","0"
"35.2776","0"
"35.28245","0"
"35.2873","0"
"35.29215","0"
"35.297","0"
"35.3048","0"
"35.3096","0"
"35.3144","0"
"35.3192","0"
"35.324","0"
"35.3288","0"
"35.3336","0"
"35.3384","0"
"35.3432","0"
"35.348","0"
"35.3528","0"
"35.3576","0"
"35.3624","0"
"35.3672","0"
"35.372","0"
"35.3768","0"
"35.3816","0"
"35.3864","0"
"35.3912","0"
"35.396","0"
"35.4049","0"
"35.4098","0"
"35.4147","0"
"35.4196","0"
"35.4245","0"
"35.4294","0"
"35.4343","0"
"35.4392","0"
"35.4441","0"
"35.449","0"
"35.4539","0"
"35.4588","0"
"35.4637","0"
"35.4686","0"
"35.4735","0"
"35.4784","0"
"35.4833","0"
"35.4882","0"
"35.4931","0"
"35.498","0"
"35.5048","0"
"35.5096","0"
"35.5144","0"
"35.5192","0"
"35.524","0"
"35.5288","0"
"35.5336","0"
"35.5384","0"
"35.5432","0"
"35.548","0"
"35.5528","0"
"35.5576","0"
"35.5624","0"
"35.5672","0"
"35.572","0"
"35.5768","0"
"35.5816","0"
"35.5864","0"
"35.5912","0"
"35.596","0"
"35.6049","0"
"35.6098","0"
"35.6147","0"
"35.6196","0"
"35.6245","0"
"35.6294","0"
"35.6343","0"
"35.6392","0"
"35.6441","0"
"35.649","0"
"35.6539","0"
"35.6588","0"
"35.6637","0"
"35.6686","0"
"35.6735","0"
"35.6784","0"
"35.6833","0"
"35.6882","0"
"35.6931","0"
"35.698","0"
"35.70485","0"
"35.7097","0"
"35.71455","0"
"35.7194","0"
"35.72425","0"
"35.7291","0"
"35.73395","0"
"35.7388","0"
"35.74365","0"
"35.7485","0"
"35.75335","0"
"35.7582","0"
"35.76305","0"
"35.7679","0"
"35.77275","0"
"35.7776","0"
"35.78245","0"
"35.7873","0"
"35.79215","0"
"35.797","0"
"35.80495","0"
"35.8099","0"
"35.81485","0"
"35.8198","0"
"35.82475","0"
"35.8297","0"
"35.83465","0"
"35.8396","0"
"35.84455","0"
"35.8495","0"
"35.85445","0"
"35.8594","0"
"35.86435","0"
"35.8693","0"
"35.87425","0"
"35.8792","0"
"35.88415","0"
"35.8891","0"
"35.89405","0"
"35.899","0"
"35.9049","0"
"35.9098","0"
"35.9147","0"
"35.9196","0"
"35.9245","0"
"35.9294","0"
"35.9343","0"
"35.9392","0"
"35.9441","0"
"35.949","0"
"35.9539","0"
"35.9588","0"
"35.9637","0"
"35.9686","0"
"35.9735","0"
"35.9784","0"
"35.9833","0"
"35.9882","0"
"35.9931","0"
"35.998","0"
"36.00505263","0"
"36.01010526","0"
"36.01515789","0"
"36.02021053","0"
"36.02526316","0"
"36.03031579","0"
"36.03536842","0"
"36.04042105","0"
"36.04547368","0"
"36.05052632","0"
"36.05557895","0"
"36.06063158","0"
"36.06568421","0"
"36.07073684","0"
"36.07578947","0"
"36.08084211","0"
"36.08589474","0"
"36.09094737","0"
"36.096","0"
"36.1","0"
"36.10495","0"
"36.1099","0"
"36.11485","0"
"36.1198","0"
"36.12475","0"
"36.1297","0"
"36.13465","0"
"36.1396","0"
"36.14455","0"
"36.1495","0"
"36.15445","0"
"36.1594","0"
"36.16435","0"
"36.1693","0"
"36.17425","0"
"36.1792","0"
"36.18415","0"
"36.1891","0"
"36.19405","0"
"36.199","0"
"36.20505263","0"
"36.21010526","0"
"36.21515789","0"
"36.22021053","0"
"36.22526316","0"
"36.23031579","0"
"36.23536842","0"
"36.24042105","0"
"36.24547368","0"
"36.25052632","0"
"36.25557895","0"
"36.26063158","0"
"36.26568421","0"
"36.27073684","0"
"36.27578947","0"
"36.28084211","0"
"36.28589474","0"
"36.29094737","0"
"36.296","0"
"36.3","0"
"36.30495","0"
"36.3099","0"
"36.31485","0"
"36.3198","0"
"36.32475","0"
"36.3297","0"
"36.33465","0"
"36.3396","0"
"36.34455","0"
"36.3495","0"
"36.35445","0"
"36.3594","0"
"36.36435","0"
"36.3693","0"
"36.37425","0"
"36.3792","0"
"36.38415","0"
"36.3891","0"
"36.39405","0"
"36.399","0"
"36.40510526","0"
"36.41021053","0"
"36.41531579","0"
"36.42042105","0"
"36.42552632","0"
"36.43063158","0"
"36.43573684","0"
"36.44084211","0"
"36.44594737","0"
"36.45105263","0"
"36.45615789","0"
"36.46126316","0"
"36.46636842","0"
"36.47147368","0"
"36.47657895","0"
"36.48168421","0"
"36.48678947","0"
"36.49189474","0"
"36.497","0"
"36.50478947","0"
"36.50957895","0"
"36.51436842","0"
"36.51915789","0"
"36.52394737","0"
"36.52873684","0"
"36.53352632","0"
"36.53831579","0"
"36.54310526","0"
"36.54789474","0"
"36.55268421","0"
"36.55747368","0"
"36.56226316","0"
"36.56705263","0"
"36.57184211","0"
"36.57663158","0"
"36.58142105","0"
"36.58621053","0"
"36.591","0"
"36.6","0"
"36.6","0"
"36.60515789","0"
"36.61031579","0"
"36.61547368","0"
"36.62063158","0"
"36.62578947","0"
"36.63094737","0"
"36.63610526","0"
"36.64126316","0"
"36.64642105","0"
"36.65157895","0"
"36.65673684","0"
"36.66189474","0"
"36.66705263","0"
"36.67221053","0"
"36.67736842","0"
"36.68252632","0"
"36.68768421","0"
"36.69284211","0"
"36.698","0"
"36.70484211","0"
"36.70968421","0"
"36.71452632","0"
"36.71936842","0"
"36.72421053","0"
"36.72905263","0"
"36.73389474","0"
"36.73873684","0"
"36.74357895","0"
"36.74842105","0"
"36.75326316","0"
"36.75810526","0"
"36.76294737","0"
"36.76778947","0"
"36.77263158","0"
"36.77747368","0"
"36.78231579","0"
"36.78715789","0"
"36.792","0"
"36.8","0"
"36.80495","0"
"36.8099","0"
"36.81485","0"
"36.8198","0"
"36.82475","0"
"36.8297","0"
"36.83465","0"
"36.8396","0"
"36.84455","0"
"36.8495","0"
"36.85445","0"
"36.8594","0"
"36.86435","0"
"36.8693","0"
"36.87425","0"
"36.8792","0"
"36.88415","0"
"36.8891","0"
"36.89405","0"
"36.899","0"
"36.90489474","0"
"36.90978947","0"
"36.91468421","0"
"36.91957895","0"
"36.92447368","0"
"36.92936842","0"
"36.93426316","0"
"36.93915789","0"
"36.94405263","0"
"36.94894737","0"
"36.95384211","0"
"36.95873684","0"
"36.96363158","0"
"36.96852632","0"
"36.97342105","0"
"36.97831579","0"
"36.98321053","0"
"36.98810526","0"
"36.993","0"
"37.00471429","0"
"37.00942857","0"
"37.01414286","0"
"37.01885714","0"
"37.02357143","0"
"37.02828571","0"
"37.033","0"
"37.03771429","0"
"37.04242857","0"
"37.04714286","0"
"37.05185714","0"
"37.05657143","0"
"37.06128571","0"
"37.066","0"
"37.07071429","0"
"37.07542857","0"
"37.08014286","0"
"37.08485714","0"
"37.08957143","0"
"37.09428571","0"
"37.099","0"
"37.1","0"
"37.1049","0"
"37.1098","0"
"37.1147","0"
"37.1196","0"
"37.1245","0"
"37.1294","0"
"37.1343","0"
"37.1392","0"
"37.1441","0"
"37.149","0"
"37.1539","0"
"37.1588","0"
"37.1637","0"
"37.1686","0"
"37.1735","0"
"37.1784","0"
"37.1833","0"
"37.1882","0"
"37.1931","0"
"37.198","0"
"37.2048","0"
"37.2096","0"
"37.2144","0"
"37.2192","0"
"37.224","0"
"37.2288","0"
"37.2336","0"
"37.2384","0"
"37.2432","0"
"37.248","0"
"37.2528","0"
"37.2576","0"
"37.2624","0"
"37.2672","0"
"37.272","0"
"37.2768","0"
"37.2816","0"
"37.2864","0"
"37.2912","0"
"37.296","0"
"37.3047","0"
"37.3094","0"
"37.3141","0"
"37.3188","0"
"37.3235","0"
"37.3282","0"
"37.3329","0"
"37.3376","0"
"37.3423","0"
"37.347","0"
"37.3517","0"
"37.3564","0"
"37.3611","0"
"37.3658","0"
"37.3705","0"
"37.3752","0"
"37.3799","0"
"37.3846","0"
"37.3893","0"
"37.394","0"
"37.40485","0"
"37.4097","0"
"37.41455","0"
"37.4194","0"
"37.42425","0"
"37.4291","0"
"37.43395","0"
"37.4388","0"
"37.44365","0"
"37.4485","0"
"37.45335","0"
"37.4582","0"
"37.46305","0"
"37.4679","0"
"37.47275","0"
"37.4776","0"
"37.48245","0"
"37.4873","0"
"37.49215","0"
"37.497","0"
"37.50475","0"
"37.5095","0"
"37.51425","0"
"37.519","0"
"37.52375","0"
"37.5285","0"
"37.53325","0"
"37.538","0"
"37.54275","0"
"37.5475","0"
"37.55225","0"
"37.557","0"
"37.56175","0"
"37.5665","0"
"37.57125","0"
"37.576","0"
"37.58075","0"
"37.5855","0"
"37.59025","0"
"37.595","0"
"37.60485","0"
"37.6097","0"
"37.61455","0"
"37.6194","0"
"37.62425","0"
"37.6291","0"
"37.63395","0"
"37.6388","0"
"37.64365","0"
"37.6485","0"
"37.65335","0"
"37.6582","0"
"37.66305","0"
"37.6679","0"
"37.67275","0"
"37.6776","0"
"37.68245","0"
"37.6873","0"
"37.69215","0"
"37.697","0"
"37.7048","0"
"37.7096","0"
"37.7144","0"
"37.7192","0"
"37.724","0"
"37.7288","0"
"37.7336","0"
"37.7384","0"
"37.7432","0"
"37.748","0"
"37.7528","0"
"37.7576","0"
"37.7624","0"
"37.7672","0"
"37.772","0"
"37.7768","0"
"37.7816","0"
"37.7864","0"
"37.7912","0"
"37.796","0"
"37.8047","0"
"37.8094","0"
"37.8141","0"
"37.8188","0"
"37.8235","0"
"37.8282","0"
"37.8329","0"
"37.8376","0"
"37.8423","0"
"37.847","0"
"37.8517","0"
"37.8564","0"
"37.8611","0"
"37.8658","0"
"37.8705","0"
"37.8752","0"
"37.8799","0"
"37.8846","0"
"37.8893","0"
"37.894","0"
"37.9048","0"
"37.9096","0"
"37.9144","0"
"37.9192","0"
"37.924","0"
"37.9288","0"
"37.9336","0"
"37.9384","0"
"37.9432","0"
"37.948","0"
"37.9528","0"
"37.9576","0"
"37.9624","0"
"37.9672","0"
"37.972","0"
"37.9768","0"
"37.9816","0"
"37.9864","0"
"37.9912","0"
"37.996","0"
"38.00475","0"
"38.0095","0"
"38.01425","0"
"38.019","0"
"38.02375","0"
"38.0285","0"
"38.03325","0"
"38.038","0"
"38.04275","0"
"38.0475","0"
"38.05225","0"
"38.057","0"
"38.06175","0"
"38.0665","0"
"38.07125","0"
"38.076","0"
"38.08075","0"
"38.0855","0"
"38.09025","0"
"38.095","0"
"38.10485","0"
"38.1097","0"
"38.11455","0"
"38.1194","0"
"38.12425","0"
"38.1291","0"
"38.13395","0"
"38.1388","0"
"38.14365","0"
"38.1485","0"
"38.15335","0"
"38.1582","0"
"38.16305","0"
"38.1679","0"
"38.17275","0"
"38.1776","0"
"38.18245","0"
"38.1873","0"
"38.19215","0"
"38.197","0"
"38.2048","0"
"38.2096","0"
"38.2144","0"
"38.2192","0"
"38.224","0"
"38.2288","0"
"38.2336","0"
"38.2384","0"
"38.2432","0"
"38.248","0"
"38.2528","0"
"38.2576","0"
"38.2624","0"
"38.2672","0"
"38.272","0"
"38.2768","0"
"38.2816","0"
"38.2864","0"
"38.2912","0"
"38.296","0"
"38.3049","0"
"38.3098","0"
"38.3147","0"
"38.3196","0"
"38.3245","0"
"38.3294","0"
"38.3343","0"
"38.3392","0"
"38.3441","0"
"38.349","0"
"38.3539","0"
"38.3588","0"
"38.3637","0"
"38.3686","0"
"38.3735","0"
"38.3784","0"
"38.3833","0"
"38.3882","0"
"38.3931","0"
"38.398","0"
"38.4048","0"
"38.4096","0"
"38.4144","0"
"38.4192","0"
"38.424","0"
"38.4288","0"
"38.4336","0"
"38.4384","0"
"38.4432","0"
"38.448","0"
"38.4528","0"
"38.4576","0"
"38.4624","0"
"38.4672","0"
"38.472","0"
"38.4768","0"
"38.4816","0"
"38.4864","0"
"38.4912","0"
"38.496","0"
"38.5049","0"
"38.5098","0"
"38.5147","0"
"38.5196","0"
"38.5245","0"
"38.5294","0"
"38.5343","0"
"38.5392","0"
"38.5441","0"
"38.549","0"
"38.5539","0"
"38.5588","0"
"38.5637","0"
"38.5686","0"
"38.5735","0"
"38.5784","0"
"38.5833","0"
"38.5882","0"
"38.5931","0"
"38.598","0"
"38.60485","0"
"38.6097","0"
"38.61455","0"
"38.6194","0"
"38.62425","0"
"38.6291","0"
"38.63395","0"
"38.6388","0"
"38.64365","0"
"38.6485","0"
"38.65335","0"
"38.6582","0"
"38.66305","0"
"38.6679","0"
"38.67275","0"
"38.6776","0"
"38.68245","0"
"38.6873","0"
"38.69215","0"
"38.697","0"
"38.70495","0"
"38.7099","0"
"38.71485","0"
"38.7198","0"
"38.72475","0"
"38.7297","0"
"38.73465","0"
"38.7396","0"
"38.74455","0"
"38.7495","0"
"38.75445","0"
"38.7594","0"
"38.76435","0"
"38.7693","0"
"38.77425","0"
"38.7792","0"
"38.78415","0"
"38.7891","0"
"38.79405","0"
"38.799","0"
"38.8049","0"
"38.8098","0"
"38.8147","0"
"38.8196","0"
"38.8245","0"
"38.8294","0"
"38.8343","0"
"38.8392","0"
"38.8441","0"
"38.849","0"
"38.8539","0"
"38.8588","0"
"38.8637","0"
"38.8686","0"
"38.8735","0"
"38.8784","0"
"38.8833","0"
"38.8882","0"
"38.8931","0"
"38.898","0"
"38.90505263","0"
"38.91010526","0"
"38.91515789","0"
"38.92021053","0"
"38.92526316","0"
"38.93031579","0"
"38.93536842","0"
"38.94042105","0"
"38.94547368","0"
"38.95052632","0"
"38.95557895","0"
"38.96063158","0"
"38.96568421","0"
"38.97073684","0"
"38.97578947","0"
"38.98084211","0"
"38.98589474","0"
"38.99094737","0"
"38.996","0"
"39","0"
"39.0049","0"
"39.0098","0"
"39.0147","0"
"39.0196","0"
"39.0245","0"
"39.0294","0"
"39.0343","0"
"39.0392","0"
"39.0441","0"
"39.049","0"
"39.0539","0"
"39.0588","0"
"39.0637","0"
"39.0686","0"
"39.0735","0"
"39.0784","0"
"39.0833","0"
"39.0882","0"
"39.0931","0"
"39.098","0"
"39.10510526","0"
"39.11021053","0"
"39.11531579","0"
"39.12042105","0"
"39.12552632","0"
"39.13063158","0"
"39.13573684","0"
"39.14084211","0"
"39.14594737","0"
"39.15105263","0"
"39.15615789","0"
"39.16126316","0"
"39.16636842","0"
"39.17147368","0"
"39.17657895","0"
"39.18168421","0"
"39.18678947","0"
"39.19189474","0"
"39.197","0"
"39.2","0"
"39.20495","0"
"39.2099","0"
"39.21485","0"
"39.2198","0"
"39.22475","0"
"39.2297","0"
"39.23465","0"
"39.2396","0"
"39.24455","0"
"39.2495","0"
"39.25445","0"
"39.2594","0"
"39.26435","0"
"39.2693","0"
"39.27425","0"
"39.2792","0"
"39.28415","0"
"39.2891","0"
"39.29405","0"
"39.299","0"
"39.30485","0"
"39.3097","0"
"39.31455","0"
"39.3194","0"
"39.32425","0"
"39.3291","0"
"39.33395","0"
"39.3388","0"
"39.34365","0"
"39.3485","0"
"39.35335","0"
"39.3582","0"
"39.36305","0"
"39.3679","0"
"39.37275","0"
"39.3776","0"
"39.38245","0"
"39.3873","0"
"39.39215","0"
"39.397","0"
"39.40483333","0"
"39.40966667","0"
"39.4145","0"
"39.41933333","0"
"39.42416667","0"
"39.429","0"
"39.43383333","0"
"39.43866667","0"
"39.4435","0"
"39.44833333","0"
"39.45316667","0"
"39.458","0"
"39.46283333","0"
"39.46766667","0"
"39.4725","0"
"39.47733333","0"
"39.48216667","0"
"39.487","0"
"39.5","0"
"39.5","0"
"39.5049","0"
"39.5098","0"
"39.5147","0"
"39.5196","0"
"39.5245","0"
"39.5294","0"
"39.5343","0"
"39.5392","0"
"39.5441","0"
"39.549","0"
"39.5539","0"
"39.5588","0"
"39.5637","0"
"39.5686","0"
"39.5735","0"
"39.5784","0"
"39.5833","0"
"39.5882","0"
"39.5931","0"
"39.598","0"
"39.60511111","0"
"39.61022222","0"
"39.61533333","0"
"39.62044444","0"
"39.62555556","0"
"39.63066667","0"
"39.63577778","0"
"39.64088889","0"
"39.646","0"
"39.65111111","0"
"39.65622222","0"
"39.66133333","0"
"39.66644444","0"
"39.67155556","0"
"39.67666667","0"
"39.68177778","0"
"39.68688889","0"
"39.692","0"
"39.7","0"
"39.7","0"
"39.70495","0"
"39.7099","0"
"39.71485","0"
"39.7198","0"
"39.72475","0"
"39.7297","0"
"39.73465","0"
"39.7396","0"
"39.74455","0"
"39.7495","0"
"39.75445","0"
"39.7594","0"
"39.76435","0"
"39.7693","0"
"39.77425","0"
"39.7792","0"
"39.78415","0"
"39.7891","0"
"39.79405","0"
"39.799","0"
"39.80494444","0"
"39.80988889","0"
"39.81483333","0"
"39.81977778","0"
"39.82472222","0"
"39.82966667","0"
"39.83461111","0"
"39.83955556","0"
"39.8445","0"
"39.84944444","0"
"39.85438889","0"
"39.85933333","0"
"39.86427778","0"
"39.86922222","0"
"39.87416667","0"
"39.87911111","0"
"39.88405556","0"
"39.889","0"
"39.90471429","0"
"39.90942857","0"
"39.91414286","0"
"39.91885714","0"
"39.92357143","0"
"39.92828571","0"
"39.933","0"
"39.93771429","0"
"39.94242857","0"
"39.94714286","0"
"39.95185714","0"
"39.95657143","0"
"39.96128571","0"
"39.966","0"
"39.97071429","0"
"39.97542857","0"
"39.98014286","0"
"39.98485714","0"
"39.98957143","0"
"39.99428571","0"
"39.999","0"
"40","0"
"40.005","0"
"40.01","0"
"40.015","0"
"40.02","0"
"40.025","0"
"40.03","0"
"40.035","0"
"40.04","0"
"40.045","0"
"40.05","0"
"40.055","0"
"40.06","0"
"40.065","0"
"40.07","0"
"40.075","0"
"40.08","0"
"40.085","0"
"40.09","0"
"40.1046","0"
"40.1092","0"
"40.1138","0"
"40.1184","0"
"40.123","0"
"40.1276","0"
"40.1322","0"
"40.1368","0"
"40.1414","0"
"40.146","0"
"40.1506","0"
"40.1552","0"
"40.1598","0"
"40.1644","0"
"40.169","0"
"40.1736","0"
"40.1782","0"
"40.1828","0"
"40.1874","0"
"40.192","0"
"40.2","0"
"40.2","0"
"40.20515789","0"
"40.21031579","0"
"40.21547368","0"
"40.22063158","0"
"40.22578947","0"
"40.23094737","0"
"40.23610526","0"
"40.24126316","0"
"40.24642105","0"
"40.25157895","0"
"40.25673684","0"
"40.26189474","0"
"40.26705263","0"
"40.27221053","0"
"40.27736842","0"
"40.28252632","0"
"40.28768421","0"
"40.29284211","0"
"40.298","0"
"40.30484211","0"
"40.30968421","0"
"40.31452632","0"
"40.31936842","0"
"40.32421053","0"
"40.32905263","0"
"40.33389474","0"
"40.33873684","0"
"40.34357895","0"
"40.34842105","0"
"40.35326316","0"
"40.35810526","0"
"40.36294737","0"
"40.36778947","0"
"40.37263158","0"
"40.37747368","0"
"40.38231579","0"
"40.38715789","0"
"40.392","0"
"40.40471429","0"
"40.40942857","0"
"40.41414286","0"
"40.41885714","0"
"40.42357143","0"
"40.42828571","0"
"40.433","0"
"40.43771429","0"
"40.44242857","0"
"40.44714286","0"
"40.45185714","0"
"40.45657143","0"
"40.46128571","0"
"40.466","0"
"40.47071429","0"
"40.47542857","0"
"40.48014286","0"
"40.48485714","0"
"40.48957143","0"
"40.49428571","0"
"40.499","0"
"40.50489474","0"
"40.50978947","0"
"40.51468421","0"
"40.51957895","0"
"40.52447368","0"
"40.52936842","0"
"40.53426316","0"
"40.53915789","0"
"40.54405263","0"
"40.54894737","0"
"40.55384211","0"
"40.55873684","0"
"40.56363158","0"
"40.56852632","0"
"40.57342105","0"
"40.57831579","0"
"40.58321053","0"
"40.58810526","0"
"40.593","0"
"40.60471429","0"
"40.60942857","0"
"40.61414286","0"
"40.61885714","0"
"40.62357143","0"
"40.62828571","0"
"40.633","0"
"40.63771429","0"
"40.64242857","0"
"40.64714286","0"
"40.65185714","0"
"40.65657143","0"
"40.66128571","0"
"40.666","0"
"40.67071429","0"
"40.67542857","0"
"40.68014286","0"
"40.68485714","0"
"40.68957143","0"
"40.69428571","0"
"40.699","0"
"40.7","0"
"40.70515789","0"
"40.71031579","0"
"40.71547368","0"
"40.72063158","0"
"40.72578947","0"
"40.73094737","0"
"40.73610526","0"
"40.74126316","0"
"40.74642105","0"
"40.75157895","0"
"40.75673684","0"
"40.76189474","0"
"40.76705263","0"
"40.77221053","0"
"40.77736842","0"
"40.78252632","0"
"40.78768421","0"
"40.79284211","0"
"40.798","0"
"40.80461905","0"
"40.8092381","0"
"40.81385714","0"
"40.81847619","0"
"40.82309524","0"
"40.82771429","0"
"40.83233333","0"
"40.83695238","0"
"40.84157143","0"
"40.84619048","0"
"40.85080952","0"
"40.85542857","0"
"40.86004762","0"
"40.86466667","0"
"40.86928571","0"
"40.87390476","0"
"40.87852381","0"
"40.88314286","0"
"40.8877619","0"
"40.89238095","0"
"40.897","0"
"40.90495","0"
"40.9099","0"
"40.91485","0"
"40.9198","0"
"40.92475","0"
"40.9297","0"
"40.93465","0"
"40.9396","0"
"40.94455","0"
"40.9495","0"
"40.95445","0"
"40.9594","0"
"40.96435","0"
"40.9693","0"
"40.97425","0"
"40.9792","0"
"40.98415","0"
"40.9891","0"
"40.99405","0"
"40.999","0"
"41.00485","0"
"41.0097","0"
"41.01455","0"
"41.0194","0"
"41.02425","0"
"41.0291","0"
"41.03395","0"
"41.0388","0"
"41.04365","0"
"41.0485","0"
"41.05335","0"
"41.0582","0"
"41.06305","0"
"41.0679","0"
"41.07275","0"
"41.0776","0"
"41.08245","0"
"41.0873","0"
"41.09215","0"
"41.097","0"
"41.1048","0"
"41.1096","0"
"41.1144","0"
"41.1192","0"
"41.124","0"
"41.1288","0"
"41.1336","0"
"41.1384","0"
"41.1432","0"
"41.148","0"
"41.1528","0"
"41.1576","0"
"41.1624","0"
"41.1672","0"
"41.172","0"
"41.1768","0"
"41.1816","0"
"41.1864","0"
"41.1912","0"
"41.196","0"
"41.2049","0"
"41.2098","0"
"41.2147","0"
"41.2196","0"
"41.2245","0"
"41.2294","0"
"41.2343","0"
"41.2392","0"
"41.2441","0"
"41.249","0"
"41.2539","0"
"41.2588","0"
"41.2637","0"
"41.2686","0"
"41.2735","0"
"41.2784","0"
"41.2833","0"
"41.2882","0"
"41.2931","0"
"41.298","0"
"41.30485","0"
"41.3097","0"
"41.31455","0"
"41.3194","0"
"41.32425","0"
"41.3291","0"
"41.33395","0"
"41.3388","0"
"41.34365","0"
"41.3485","0"
"41.35335","0"
"41.3582","0"
"41.36305","0"
"41.3679","0"
"41.37275","0"
"41.3776","0"
"41.38245","0"
"41.3873","0"
"41.39215","0"
"41.397","0"
"41.4049","0"
"41.4098","0"
"41.4147","0"
"41.4196","0"
"41.4245","0"
"41.4294","0"
"41.4343","0"
"41.4392","0"
"41.4441","0"
"41.449","0"
"41.4539","0"
"41.4588","0"
"41.4637","0"
"41.4686","0"
"41.4735","0"
"41.4784","0"
"41.4833","0"
"41.4882","0"
"41.4931","0"
"41.498","0"
"41.50485","0"
"41.5097","0"
"41.51455","0"
"41.5194","0"
"41.52425","0"
"41.5291","0"
"41.53395","0"
"41.5388","0"
"41.54365","0"
"41.5485","0"
"41.55335","0"
"41.5582","0"
"41.56305","0"
"41.5679","0"
"41.57275","0"
"41.5776","0"
"41.58245","0"
"41.5873","0"
"41.59215","0"
"41.597","0"
"41.60495","0"
"41.6099","0"
"41.61485","0"
"41.6198","0"
"41.62475","0"
"41.6297","0"
"41.63465","0"
"41.6396","0"
"41.64455","0"
"41.6495","0"
"41.65445","0"
"41.6594","0"
"41.66435","0"
"41.6693","0"
"41.67425","0"
"41.6792","0"
"41.68415","0"
"41.6891","0"
"41.69405","0"
"41.699","0"
"41.7049","0"
"41.7098","0"
"41.7147","0"
"41.7196","0"
"41.7245","0"
"41.7294","0"
"41.7343","0"
"41.7392","0"
"41.7441","0"
"41.749","0"
"41.7539","0"
"41.7588","0"
"41.7637","0"
"41.7686","0"
"41.7735","0"
"41.7784","0"
"41.7833","0"
"41.7882","0"
"41.7931","0"
"41.798","0"
"41.8048","0"
"41.8096","0"
"41.8144","0"
"41.8192","0"
"41.824","0"
"41.8288","0"
"41.8336","0"
"41.8384","0"
"41.8432","0"
"41.848","0"
"41.8528","0"
"41.8576","0"
"41.8624","0"
"41.8672","0"
"41.872","0"
"41.8768","0"
"41.8816","0"
"41.8864","0"
"41.8912","0"
"41.896","0"
"41.9049","0"
"41.9098","0"
"41.9147","0"
"41.9196","0"
"41.9245","0"
"41.9294","0"
"41.9343","0"
"41.9392","0"
"41.9441","0"
"41.949","0"
"41.9539","0"
"41.9588","0"
"41.9637","0"
"41.9686","0"
"41.9735","0"
"41.9784","0"
"41.9833","0"
"41.9882","0"
"41.9931","0"
"41.998","0"
"42.0048","0"
"42.0096","0"
"42.0144","0"
"42.0192","0"
"42.024","0"
"42.0288","0"
"42.0336","0"
"42.0384","0"
"42.0432","0"
"42.048","0"
"42.0528","0"
"42.0576","0"
"42.0624","0"
"42.0672","0"
"42.072","0"
"42.0768","0"
"42.0816","0"
"42.0864","0"
"42.0912","0"
"42.096","0"
"42.10495","0"
"42.1099","0"
"42.11485","0"
"42.1198","0"
"42.12475","0"
"42.1297","0"
"42.13465","0"
"42.1396","0"
"42.14455","0"
"42.1495","0"
"42.15445","0"
"42.1594","0"
"42.16435","0"
"42.1693","0"
"42.17425","0"
"42.1792","0"
"42.18415","0"
"42.1891","0"
"42.19405","0"
"42.199","0"
"42.20485","0"
"42.2097","0"
"42.21455","0"
"42.2194","0"
"42.22425","0"
"42.2291","0"
"42.23395","0"
"42.2388","0"
"42.24365","0"
"42.2485","0"
"42.25335","0"
"42.2582","0"
"42.26305","0"
"42.2679","0"
"42.27275","0"
"42.2776","0"
"42.28245","0"
"42.2873","0"
"42.29215","0"
"42.297","0"
"42.30495","0"
"42.3099","0"
"42.31485","0"
"42.3198","0"
"42.32475","0"
"42.3297","0"
"42.33465","0"
"42.3396","0"
"42.34455","0"
"42.3495","0"
"42.35445","0"
"42.3594","0"
"42.36435","0"
"42.3693","0"
"42.37425","0"
"42.3792","0"
"42.38415","0"
"42.3891","0"
"42.39405","0"
"42.399","0"
"42.4049","0"
"42.4098","0"
"42.4147","0"
"42.4196","0"
"42.4245","0"
"42.4294","0"
"42.4343","0"
"42.4392","0"
"42.4441","0"
"42.449","0"
"42.4539","0"
"42.4588","0"
"42.4637","0"
"42.4686","0"
"42.4735","0"
"42.4784","0"
"42.4833","0"
"42.4882","0"
"42.4931","0"
"42.498","0"
"42.50505263","0"
"42.51010526","0"
"42.51515789","0"
"42.52021053","0"
"42.52526316","0"
"42.53031579","0"
"42.53536842","0"
"42.54042105","0"
"42.54547368","0"
"42.55052632","0"
"42.55557895","0"
"42.56063158","0"
"42.56568421","0"
"42.57073684","0"
"42.57578947","0"
"42.58084211","0"
"42.58589474","0"
"42.59094737","0"
"42.596","0"
"42.6","0"
"42.60495","0"
"42.6099","0"
"42.61485","0"
"42.6198","0"
"42.62475","0"
"42.6297","0"
"42.63465","0"
"42.6396","0"
"42.64455","0"
"42.6495","0"
"42.65445","0"
"42.6594","0"
"42.66435","0"
"42.6693","0"
"42.67425","0"
"42.6792","0"
"42.68415","0"
"42.6891","0"
"42.69405","0"
"42.699","0"
"42.70510526","0"
"42.71021053","0"
"42.71531579","0"
"42.72042105","0"
"42.72552632","0"
"42.73063158","0"
"42.73573684","0"
"42.74084211","0"
"42.74594737","0"
"42.75105263","0"
"42.75615789","0"
"42.76126316","0"
"42.76636842","0"
"42.77147368","0"
"42.77657895","0"
"42.78168421","0"
"42.78678947","0"
"42.79189474","0"
"42.797","0"
"42.80471429","0"
"42.80942857","0"
"42.81414286","0"
"42.81885714","0"
"42.82357143","0"
"42.82828571","0"
"42.833","0"
"42.83771429","0"
"42.84242857","0"
"42.84714286","0"
"42.85185714","0"
"42.85657143","0"
"42.86128571","0"
"42.866","0"
"42.87071429","0"
"42.87542857","0"
"42.88014286","0"
"42.88485714","0"
"42.88957143","0"
"42.89428571","0"
"42.899","0"
"42.90515789","0"
"42.91031579","0"
"42.91547368","0"
"42.92063158","0"
"42.92578947","0"
"42.93094737","0"
"42.93610526","0"
"42.94126316","0"
"42.94642105","0"
"42.95157895","0"
"42.95673684","0"
"42.96189474","0"
"42.96705263","0"
"42.97221053","0"
"42.97736842","0"
"42.98252632","0"
"42.98768421","0"
"42.99284211","0"
"42.998","0"
"43.00484211","0"
"43.00968421","0"
"43.01452632","0"
"43.01936842","0"
"43.02421053","0"
"43.02905263","0"
"43.03389474","0"
"43.03873684","0"
"43.04357895","0"
"43.04842105","0"
"43.05326316","0"
"43.05810526","0"
"43.06294737","0"
"43.06778947","0"
"43.07263158","0"
"43.07747368","0"
"43.08231579","0"
"43.08715789","0"
"43.092","0"
"43.1","0"
"43.1","0"
"43.10515789","0"
"43.11031579","0"
"43.11547368","0"
"43.12063158","0"
"43.12578947","0"
"43.13094737","0"
"43.13610526","0"
"43.14126316","0"
"43.14642105","0"
"43.15157895","0"
"43.15673684","0"
"43.16189474","0"
"43.16705263","0"
"43.17221053","0"
"43.17736842","0"
"43.18252632","0"
"43.18768421","0"
"43.19284211","0"
"43.198","0"
"43.20468421","0"
"43.20936842","0"
"43.21405263","0"
"43.21873684","0"
"43.22342105","0"
"43.22810526","0"
"43.23278947","0"
"43.23747368","0"
"43.24215789","0"
"43.24684211","0"
"43.25152632","0"
"43.25621053","0"
"43.26089474","0"
"43.26557895","0"
"43.27026316","0"
"43.27494737","0"
"43.27963158","0"
"43.28431579","0"
"43.289","0"
"43.30471429","0"
"43.30942857","0"
"43.31414286","0"
"43.31885714","0"
"43.32357143","0"
"43.32828571","0"
"43.333","0"
"43.33771429","0"
"43.34242857","0"
"43.34714286","0"
"43.35185714","0"
"43.35657143","0"
"43.36128571","0"
"43.366","0"
"43.37071429","0"
"43.37542857","0"
"43.38014286","0"
"43.38485714","0"
"43.38957143","0"
"43.39428571","0"
"43.399","0"
"43.40468421","0"
"43.40936842","0"
"43.41405263","0"
"43.41873684","0"
"43.42342105","0"
"43.42810526","0"
"43.43278947","0"
"43.43747368","0"
"43.44215789","0"
"43.44684211","0"
"43.45152632","0"
"43.45621053","0"
"43.46089474","0"
"43.46557895","0"
"43.47026316","0"
"43.47494737","0"
"43.47963158","0"
"43.48431579","0"
"43.489","0"
"43.50471429","0"
"43.50942857","0"
"43.51414286","0"
"43.51885714","0"
"43.52357143","0"
"43.52828571","0"
"43.533","0"
"43.53771429","0"
"43.54242857","0"
"43.54714286","0"
"43.55185714","0"
"43.55657143","0"
"43.56128571","0"
"43.566","0"
"43.57071429","0"
"43.57542857","0"
"43.58014286","0"
"43.58485714","0"
"43.58957143","0"
"43.59428571","0"
"43.599","0"
"43.60473684","0"
"43.60947368","0"
"43.61421053","0"
"43.61894737","0"
"43.62368421","0"
"43.62842105","0"
"43.63315789","0"
"43.63789474","0"
"43.64263158","0"
"43.64736842","0"
"43.65210526","0"
"43.65684211","0"
"43.66157895","0"
"43.66631579","0"
"43.67105263","0"
"43.67578947","0"
"43.68052632","0"
"43.68526316","0"
"43.69","0"
"43.7046","0"
"43.7092","0"
"43.7138","0"
"43.7184","0"
"43.723","0"
"43.7276","0"
"43.7322","0"
"43.7368","0"
"43.7414","0"
"43.746","0"
"43.7506","0"
"43.7552","0"
"43.7598","0"
"43.7644","0"
"43.769","0"
"43.7736","0"
"43.7782","0"
"43.7828","0"
"43.7874","0"
"43.792","0"
"43.8","0"
"43.80478947","0"
"43.80957895","0"
"43.81436842","0"
"43.81915789","0"
"43.82394737","0"
"43.82873684","0"
"43.83352632","0"
"43.83831579","0"
"43.84310526","0"
"43.84789474","0"
"43.85268421","0"
"43.85747368","0"
"43.86226316","0"
"43.86705263","0"
"43.87184211","0"
"43.87663158","0"
"43.88142105","0"
"43.88621053","0"
"43.891","0"
"43.90445","0"
"43.9089","0"
"43.91335","0"
"43.9178","0"
"43.92225","0"
"43.9267","0"
"43.93115","0"
"43.9356","0"
"43.94005","0"
"43.9445","0"
"43.94895","0"
"43.9534","0"
"43.95785","0"
"43.9623","0"
"43.96675","0"
"43.9712","0"
"43.97565","0"
"43.9801","0"
"43.98455","0"
"43.989","0"
"44.00455","0"
"44.0091","0"
"44.01365","0"
"44.0182","0"
"44.02275","0"
"44.0273","0"
"44.03185","0"
"44.0364","0"
"44.04095","0"
"44.0455","0"
"44.05005","0"
"44.0546","0"
"44.05915","0"
"44.0637","0"
"44.06825","0"
"44.0728","0"
"44.07735","0"
"44.0819","0"
"44.08645","0"
"44.091","0"
"44.1045","0"
"44.109","0"
"44.1135","0"
"44.118","0"
"44.1225","0"
"44.127","0"
"44.1315","0"
"44.136","0"
"44.1405","0"
"44.145","0"
"44.1495","0"
"44.154","0"
"44.1585","0"
"44.163","0"
"44.1675","0"
"44.172","0"
"44.1765","0"
"44.181","0"
"44.1855","0"
"44.19","0"
"44.2046","0"
"44.2092","0"
"44.2138","0"
"44.2184","0"
"44.223","0"
"44.2276","0"
"44.2322","0"
"44.2368","0"
"44.2414","0"
"44.246","0"
"44.2506","0"
"44.2552","0"
"44.2598","0"
"44.2644","0"
"44.269","0"
"44.2736","0"
"44.2782","0"
"44.2828","0"
"44.2874","0"
"44.292","0"
"44.3","0"
"44.30471429","0"
"44.30942857","0"
"44.31414286","0"
"44.31885714","0"
"44.32357143","0"
"44.32828571","0"
"44.333","0"
"44.33771429","0"
"44.34242857","0"
"44.34714286","0"
"44.35185714","0"
"44.35657143","0"
"44.36128571","0"
"44.366","0"
"44.37071429","0"
"44.37542857","0"
"44.38014286","0"
"44.38485714","0"
"44.38957143","0"
"44.39428571","0"
"44.399","0"
"44.40485","0"
"44.4097","0"
"44.41455","0"
"44.4194","0"
"44.42425","0"
"44.4291","0"
"44.43395","0"
"44.4388","0"
"44.44365","0"
"44.4485","0"
"44.45335","0"
"44.4582","0"
"44.46305","0"
"44.4679","0"
"44.47275","0"
"44.4776","0"
"44.48245","0"
"44.4873","0"
"44.49215","0"
"44.497","0"
"44.50495","0"
"44.5099","0"
"44.51485","0"
"44.5198","0"
"44.52475","0"
"44.5297","0"
"44.53465","0"
"44.5396","0"
"44.54455","0"
"44.5495","0"
"44.55445","0"
"44.5594","0"
"44.56435","0"
"44.5693","0"
"44.57425","0"
"44.5792","0"
"44.58415","0"
"44.5891","0"
"44.59405","0"
"44.599","0"
"44.60485","0"
"44.6097","0"
"44.61455","0"
"44.6194","0"
"44.62425","0"
"44.6291","0"
"44.63395","0"
"44.6388","0"
"44.64365","0"
"44.6485","0"
"44.65335","0"
"44.6582","0"
"44.66305","0"
"44.6679","0"
"44.67275","0"
"44.6776","0"
"44.68245","0"
"44.6873","0"
"44.69215","0"
"44.697","0"
"44.70505263","0"
"44.71010526","0"
"44.71515789","0"
"44.72021053","0"
"44.72526316","0"
"44.73031579","0"
"44.73536842","0"
"44.74042105","0"
"44.74547368","0"
"44.75052632","0"
"44.75557895","0"
"44.76063158","0"
"44.76568421","0"
"44.77073684","0"
"44.77578947","0"
"44.78084211","0"
"44.78589474","0"
"44.79094737","0"
"44.796","-6.07331501314423E-05"
"44.8","-0.000383493575677241"
"44.8049","-0.000947116596971664"
"44.8098","-0.00167898111826537"
"44.8147","-0.00214646613955827"
"44.8196","-0.00234957166085237"
"44.8245","-0.00260074618214601"
"44.8294","-0.00289998970343963"
"44.8343","-0.00319923322473392"
"44.8392","-0.0034984767460271"
"44.8441","-0.00348527176732105"
"44.849","-0.00315961828861488"
"44.8539","-0.00355499980990914"
"44.8588","-0.00467141633120294"
"44.8637","-0.00552345335249549"
"44.8686","-0.0061111108737899"
"44.8735","-0.00631421639508356"
"44.8784","-0.00613276991637757"
"44.8833","-0.00626377193767147"
"44.8882","-0.0067072224589646"
"44.8931","-0.00691032798025826"
"44.898","-0.00687308850155199"
"44.90505263","-0.0067848961137067"
"44.91010526","-0.00669693036293828"
"44.91515789","-0.0069559287142702"
"44.92021053","-0.00756189236700244"
"44.92526316","-0.00754827606668385"
"44.93031579","-0.00691508101261507"
"44.93536842","-0.00665363321079693"
"44.94042105","-0.00676393266122854"
"44.94547368","-0.00714684676331068"
"44.95052632","-0.00780237681444151"
"44.95557895","-0.00806137516577365"
"44.96063158","-0.00792384311470529"
"44.96568421","-0.00808370886543686"
"44.97073684","-0.00854097241796858"
"44.97578947","-0.0090230191206504"
"44.98084211","-0.00952984997658235"
"44.98589474","-0.00968971572731414"
"44.99094737","-0.00950261737594582"
"44.996","-0.00971204942697756"
"45","-0.0101917698525231"
"45.00495","-0.0106154656291357"
"45.0099","-0.0108692031557491"
"45.01485","-0.0104188279323629"
"45.0198","-0.00926433995897402"
"45.02475","-0.0081584114855886"
"45.0297","-0.00710104251220134"
"45.03465","-0.00711198253881462"
"45.0396","-0.00819123156542778"
"45.04455","-0.00893056409204118"
"45.0495","-0.00932998011865416"
"45.05445","-0.0099479138952665"
"45.0594","-0.0107843654218811"
"45.06435","-0.0117179359484929"
"45.0693","-0.0127486254751077"
"45.07425","-0.0131237617517204"
"45.0792","-0.0128433447783336"
"45.08415","-0.0125629278049466"
"45.0891","-0.0122825108315598"
"45.09405","-0.0123905698581728"
"45.099","-0.0128871048847854"
"45.10485","-0.0129287282571462"
"45.1097","-0.0125112407731209"
"45.11455","-0.0128787985390957"
"45.1194","-0.0140314015550695"
"45.12425","-0.0148271658210448"
"45.1291","-0.0152660913370193"
"45.13395","-0.0160618556029932"
"45.1388","-0.0172144586189689"
"45.14365","-0.017962644384943"
"45.1485","-0.0183064129009172"
"45.15335","-0.0181506071668915"
"45.1582","-0.0174952271828666"
"45.16305","-0.0165781654488388"
"45.1679","-0.0153994219648137"
"45.17275","-0.0143872032307888"
"45.1776","-0.0135415092467637"
"45.18245","-0.0111970925127391"
"45.1873","-0.00735395302871011"
"45.19215","-0.00424828029468594"
"45.197","-0.00188007431065818"
"45.20495","-0.000220870406431928"
"45.2099","-0.000571726933045857"
"45.21485","-0.000461268209658972"
"45.2198","0.00011050576372873"
"45.22475","-0.000968743262882876"
"45.2297","-0.00369901528949268"
"45.23465","-0.00596797206610944"
"45.2396","-0.00777561359272028"
"45.24455","-0.00732523836933252"
"45.2495","-0.00461684639594906"
"45.25445","-0.004797744672562"
"45.2594","-0.00786793319917578"
"45.26435","-0.0116422344757894"
"45.2693","-0.0161206485024035"
"45.27425","-0.0168599810290166"
"45.2792","-0.0138602320556336"
"45.28415","-0.00670864583223518"
"45.2891","0.00459477764113769"
"45.29405","0.0203171156145501"
"45.299","0.0404583680879116"
"45.3049","0.0525420394602394"
"45.3098","0.0526754169389456"
"45.3147","0.0524723114176522"
"45.3196","0.0519327228963578"
"45.3245","0.0516815483750641"
"45.3294","0.0517187878537702"
"45.3343","0.0502899228324747"
"45.3392","0.0473949533111855"
"45.3441","0.0475763997898917"
"45.349","0.0508342622685973"
"45.3539","0.0552938497473094"
"45.3588","0.0609551622260149"
"45.3637","0.0640928522047159"
"45.3686","0.0647069196834229"
"45.3735","0.0633501581621292"
"45.3784","0.0600225676408359"
"45.3833","0.0572958396195387"
"45.3882","0.0551699740982483"
"45.3931","0.0551591445769546"
"45.398","0.0572633510556633"
"45.40505263","0.0667608802843047"
"45.41010526","0.0781995288037605"
"45.41515789","0.0807658095695334"
"45.42021053","0.0744597101008067"
"45.42526316","0.0699132267735239"
"45.43031579","0.0671263471068912"
"45.43536842","0.0698661099237068"
"45.44042105","0.0781325152239778"
"45.44547368","0.0822353512990532"
"45.45052632","0.0821746180287206"
"45.45557895","0.0819651859776886"
"45.46063158","0.0816070550257575"
"45.46568421","0.0835537570377765"
"45.47073684","0.0878052920137462"
"45.47578947","0.0892563310227652"
"45.48084211","0.0879068713940339"
"45.48589474","0.0879700539946524"
"45.49094737","0.089445876153819"
"45.496","0.102272381081691"
"45.5","0.121412660656135"
"45.50495","0.145244435129492"
"45.5099","0.169221888102917"
"45.51485","0.18863474807628"
"45.5198","0.203483015049691"
"45.52475","0.216461741273062"
"45.5297","0.227570926746451"
"45.53465","0.23894718946984"
"45.5396","0.250590529443228"
"45.54455","0.257523597916617"
"45.5495","0.259746394890004"
"45.55445","0.257477438113394"
"45.5594","0.25071672758677"
"45.56435","0.243130505560166"
"45.5693","0.23471877203354"
"45.57425","0.225505806756938"
"45.5792","0.215491609730323"
"45.58415","0.208706619453709"
"45.5891","0.205150835927095"
"45.59405","0.204581461650482"
"45.599","0.206998496623866"
"45.60510526","0.208033123860249"
"45.61021053","0.207270600189917"
"45.61531579","0.208987166742889"
"45.62042105","0.213182822025553"
"45.62552632","0.220809150387473"
"45.63063158","0.231866121952343"
"45.63573684","0.241946482805514"
"45.64084211","0.251050250779084"
"45.64594737","0.259653174914555"
"45.65105263","0.267755273044014"
"45.65615789","0.275306462566894"
"45.66126316","0.282306757195065"
"45.66636842","0.287303734087327"
"45.67147368","0.290297406955601"
"45.67657895","0.294217615613715"
"45.68168421","0.299064344704185"
"45.68678947","0.302283389275155"
"45.69189474","0.303874752443723"
"45.697","0.303437767170893"
"45.70471429","0.299712535709195"
"45.70942857","0.297412885852266"
"45.71414286","0.295090107524824"
"45.71885714","0.29408537609829"
"45.72357143","0.294398687310154"
"45.72828571","0.294781368487617"
"45.733","0.295233421254181"
"45.73771429","0.295454238096244"
"45.74242857","0.295443819035909"
"45.74714286","0.299526275817124"
"45.75185714","0.307701591120391"
"45.75657143","0.316339395614259"
"45.76128571","0.325439652653513"
"45.766","0.333545614521031"
"45.77071429","0.340657261913198"
"45.77542857","0.347768894220055"
"45.78014286","0.354880541612222"
"45.78485714","0.360812873205688"
"45.78957143","0.365565914167954"
"45.79428571","0.369070273704414"
"45.799","0.371325966682079"
"45.8049","0.3730492970544"
"45.8098","0.373567226533106"
"45.8147","0.37497443251181"
"45.8196","0.377270914990519"
"45.8245","0.380697018969225"
"45.8294","0.38525274444793"
"45.8343","0.389688297426642"
"45.8392","0.394003677905342"
"45.8441","0.398439230884047"
"45.849","0.402994956362753"
"45.8539","0.407887164841465"
"45.8588","0.413115856320171"
"45.8637","0.41759947829887"
"45.8686","0.421338030777581"
"45.8735","0.425172721256286"
"45.8784","0.429103549734992"
"45.8833","0.433466999213704"
"45.8882","0.438263069692402"
"45.8931","0.443059140171108"
"45.898","0.44785521064982"
"45.90511111","0.45753613282509"
"45.91022222","0.466449754788039"
"45.91533333","0.474310436979888"
"45.92044444","0.481118179400628"
"45.92555556","0.488276915751277"
"45.93066667","0.495786618019426"
"45.93577778","0.504599960004163"
"45.94088889","0.514716941705527"
"45.946","0.524833923406863"
"45.95111111","0.534950905108212"
"45.95622222","0.544441136945812"
"45.96133333","0.553304618919661"
"45.96644444","0.554145702637507"
"45.97155556","0.54696437404895"
"45.97666667","0.536523960219294"
"45.98177778","0.522824447098156"
"45.98688889","0.527125190063911"
"45.992","0.549426189116533"
"46","0.584332108265453"
"46","0.584332108265453"
"46.0049","0.584393382244159"
"46.0098","0.563136054722838"
"46.0147","0.555674530201556"
"46.0196","0.562008808680261"
"46.0245","0.574423815658984"
"46.0294","0.592919551137687"
"46.0343","0.603700212116391"
"46.0392","0.606765798595093"
"46.0441","0.609831385073803"
"46.049","0.612896971552509"
"46.0539","0.613895591031214"
"46.0588","0.61282724350992"
"46.0637","0.61024472248863"
"46.0686","0.606148027967337"
"46.0735","0.602652195946038"
"46.0784","0.599757226424745"
"46.0833","0.592512012403452"
"46.0882","0.58091655388216"
"46.0931","0.569321095360868"
"46.098","0.557725636839576"
"46.10505263","0.549027169089325"
"46.11010526","0.548520339236493"
"46.11515789","0.547542629530811"
"46.12021053","0.54609403710528"
"46.12526316","0.548858583072254"
"46.13031579","0.555836264564714"
"46.13536842","0.558873425183334"
"46.14042105","0.557970064928102"
"46.14547368","0.55706670467287"
"46.15052632","0.556163342629738"
"46.15557895","0.556598272482608"
"46.16063158","0.558371492443574"
"46.16568421","0.563688702875994"
"46.17073684","0.572549903779853"
"46.17578947","0.582055466587638"
"46.18084211","0.592205411387696"
"46.18589474","0.595242572006315"
"46.19094737","0.591166968531882"
"46.196","0.587091365057455"
"46.2","0.583864844631905"
"46.20495","0.583149791855293"
"46.2099","0.585712505328684"
"46.21485","0.587668225052068"
"46.2198","0.589016951025457"
"46.22475","0.587694904498846"
"46.2297","0.583702085472237"
"46.23465","0.581603086945621"
"46.2396","0.581397908919008"
"46.24455","0.581192730892395"
"46.2495","0.580987552865782"
"46.25445","0.581340809089169"
"46.2594","0.582252499562556"
"46.26435","0.585203689035943"
"46.2693","0.590194377509331"
"46.27425","0.593291245482719"
"46.2792","0.594494292956104"
"46.28415","0.595066066929492"
"46.2891","0.595006567402879"
"46.29405","0.594947067876266"
"46.299","0.594887568349653"
"46.30510526","0.598767094114534"
"46.31021053","0.605316644454404"
"46.31531579","0.608635854226574"
"46.32042105","0.608724736260043"
"46.32552632","0.610841967764959"
"46.33063158","0.614987540447035"
"46.33573684","0.615552207186203"
"46.34084211","0.612535962074371"
"46.34594737","0.609519722870636"
"46.35105263","0.606503483666909"
"46.35615789","0.603737657466174"
"46.36126316","0.601222239341345"
"46.36636842","0.596628398218714"
"46.37147368","0.589956129171182"
"46.37657895","0.581856490141298"
"46.38168421","0.57232951285958"
"46.38678947","0.56615806981804"
"46.39189474","0.563342155501008"
"46.397","0.56052624669968"
"46.40484211","0.556200773252687"
"46.40968421","0.557686353228054"
"46.41452632","0.563328282442717"
"46.41936842","0.56958771301858"
"46.42421053","0.576464670809843"
"46.42905263","0.581964085369715"
"46.43389474","0.586085979413185"
"46.43873684","0.584008984313555"
"46.44357895","0.57573309149191"
"46.44842105","0.56745721576178"
"46.45326316","0.559181322940148"
"46.45810526","0.561664423936513"
"46.46294737","0.574906529007193"
"46.46778947","0.573542048922557"
"46.47263158","0.557570978046751"
"46.47747368","0.559745322536619"
"46.48231579","0.580065091373178"
"46.48715789","0.601216085762533"
"46.492","0.623198393067591"
"46.5","0.659516952216511"
"46.5","0.659516952216511"
"46.50515789","0.657481596694881"
"46.51031579","0.629994940730148"
"46.51547368","0.61154024186647"
"46.52063158","0.602117428544738"
"46.52578947","0.596995540068202"
"46.53094737","0.596174556576472"
"46.53610526","0.593228420838642"
"46.54126316","0.588157121430911"
"46.54642105","0.583085831855282"
"46.55157895","0.578014532447551"
"46.55673684","0.571425275844921"
"46.56189474","0.563318036497178"
"46.56705263","0.550075024426218"
"46.57221053","0.531696188281486"
"46.57736842","0.534062937138156"
"46.58252632","0.557175280173427"
"46.58768421","0.568498034489397"
"46.59284211","0.568031243990666"
"46.598","0.567564454396936"
"46.60484211","0.566945242714028"
"46.60968421","0.566340778645394"
"46.61452632","0.565570059481559"
"46.61936842","0.566366874942426"
"46.62421053","0.56873122831919"
"46.62905263","0.576225684921053"
"46.63389474","0.588850275703432"
"46.63873684","0.599123540863793"
"46.64357895","0.607045522835267"
"46.64842105","0.614967488446118"
"46.65326316","0.622889470417592"
"46.65810526","0.626750100442956"
"46.66294737","0.62654939446832"
"46.66778947","0.624211143863187"
"46.67263158","0.619735338969554"
"46.67747368","0.617230834860917"
"46.68231579","0.616697621192583"
"46.68715789","0.61312434456145"
"46.692","0.606510990208317"
"46.7","0.595584589357222"
"46.7","0.595584589357222"
"46.70495","0.589819348580616"
"46.7099","0.585049577553995"
"46.71485","0.584795840027383"
"46.7198","0.589058136000777"
"46.72475","0.594291621974157"
"46.7297","0.600496297947536"
"46.73465","0.60454007617093"
"46.7396","0.606422956644314"
"46.74455","0.608305837117704"
"46.7495","0.610188717591089"
"46.75445","0.610930449814475"
"46.7594","0.610531033787862"
"46.76435","0.609184707511249"
"46.7693","0.606891470984635"
"46.77425","0.603772722958021"
"46.7792","0.599828463431413"
"46.78415","0.597705185154797"
"46.7891","0.597402888128184"
"46.79405","0.59710059110157"
"46.799","0.596798294074958"
"46.80516667","0.598811248673657"
"46.81033333","0.602499830031194"
"46.8155","0.604363757350731"
"46.82066667","0.604403023493067"
"46.82583333","0.604695714232404"
"46.831","0.60524183070174"
"46.83616667","0.605331781876776"
"46.84133333","0.604965568466313"
"46.8465","0.604599354347049"
"46.85166667","0.604233140227785"
"46.85683333","0.604348433696023"
"46.862","0.604945235198059"
"46.86716667","0.619125625463679"
"46.87233333","0.646889550756256"
"46.8775","0.658763772034029"
"46.88266667","0.654748235560364"
"46.88783333","0.630458733018699"
"46.893","0.585895170385025"
"46.90471429","0.484857075030779"
"46.90942857","0.444195466673289"
"46.91414286","0.433825678173247"
"46.91885714","0.453747753523718"
"46.92357143","0.446014054562977"
"46.92828571","0.410624614100682"
"46.933","0.390219186477334"
"46.93771429","0.384797846761595"
"46.94242857","0.40120514351524"
"46.94714286","0.439441146345124"
"46.95185714","0.477677068068403"
"46.95657143","0.515913070898287"
"46.96128571","0.53405463340693"
"46.966","0.532101832558692"
"46.97071429","0.532276402215856"
"46.97542857","0.534578337495518"
"46.98014286","0.527815829417677"
"46.98485714","0.511988906671735"
"46.98957143","0.507631252208696"
"46.99428571","0.514742884515552"
"46.999","0.52185453190772"
"47.00489474","0.530746923412802"
"47.00978947","0.537002363358415"
"47.01468421","0.542129407198078"
"47.01957895","0.544303380974646"
"47.02447368","0.543524286279813"
"47.02936842","0.544449807671978"
"47.03426316","0.547079946742847"
"47.03915789","0.546901068314263"
"47.04405263","0.543913171655335"
"47.04894737","0.540925274996398"
"47.05384211","0.537937378337465"
"47.05873684","0.54073557258948"
"47.06363158","0.549319869185954"
"47.06852632","0.555479287112717"
"47.07342105","0.559213818740087"
"47.07831579","0.559851235735852"
"47.08321053","0.557391530470319"
"47.08810526","0.559013300840487"
"47.093","0.564716553472958"
"47.1045","0.578116122249511"
"47.109","0.583359431770772"
"47.1135","0.584077878792033"
"47.118","0.580271463313294"
"47.1225","0.577392092834554"
"47.127","0.575439767355815"
"47.1315","0.574304124377076"
"47.136","0.573985163898336"
"47.1405","0.572408070919597"
"47.145","0.569572845440858"
"47.1495","0.566737619962118"
"47.154","0.563902394483379"
"47.1585","0.559058571504647"
"47.163","0.552206151025907"
"47.1675","0.551423668047168"
"47.172","0.556711122568429"
"47.1765","0.55948231208969"
"47.181","0.55973723661095"
"47.1855","0.561978686132211"
"47.19","0.566206660653472"
"47.1945","0.570434635174733"
"47.199","0.574662609695994"
"47.20522222","0.578830096434538"
"47.21044444","0.580918983878961"
"47.21566667","0.580395141432086"
"47.22088889","0.577258571100109"
"47.22611111","0.572431411487541"
"47.23133333","0.565913662594367"
"47.23655556","0.561470719310542"
"47.24177778","0.559102598651568"
"47.247","0.556734477992594"
"47.25222222","0.55436635733362"
"47.25744444","0.551537166870846"
"47.26266667","0.548246900303771"
"47.26788889","0.576667996542999"
"47.27311111","0.636800449287946"
"47.27833333","0.668269729230117"
"47.28355556","0.671075841742743"
"47.28877778","0.658436110454686"
"47.294","0.630350540739311"
"47.30475","0.572536072095648"
"47.3095","0.546990144090305"
"47.31425","0.537776639834966"
"47.319","0.544895559329633"
"47.32375","0.531884358824313"
"47.3285","0.498743038318967"
"47.33325","0.477880159063625"
"47.338","0.469295721058287"
"47.34275","0.470263770552952"
"47.3475","0.480784307547603"
"47.35225","0.491304844542271"
"47.357","0.501825381536938"
"47.36175","0.507220193531603"
"47.3665","0.507489280526267"
"47.37125","0.507269093770932"
"47.376","0.506559633265596"
"47.38075","0.511488470260262"
"47.3855","0.522055604754929"
"47.39025","0.536234045499598"
"47.395","0.554023792494267"
"47.4","0.572749841962317"
"47.4","0.572749841962317"
"47.40515789","0.579923486404497"
"47.41031579","0.574953384994773"
"47.41547368","0.574208301446092"
"47.42063158","0.577688232869356"
"47.42578947","0.574640899329723"
"47.43094737","0.565066289011005"
"47.43610526","0.559640807129075"
"47.44126316","0.558364432646343"
"47.44642105","0.557088060638214"
"47.45157895","0.555811686155482"
"47.45673684","0.5574447509491"
"47.46189474","0.561987261351375"
"47.46705263","0.561140980000897"
"47.47221053","0.554905903616165"
"47.47736842","0.551023688211686"
"47.48252632","0.549494318733955"
"47.48768421","0.550166004410475"
"47.49284211","0.553038747845744"
"47.498","0.555911485711414"
"47.50505263","0.559839517765911"
"47.51010526","0.563694522339476"
"47.51515789","0.568590419219353"
"47.52021053","0.570314076291419"
"47.52526316","0.568865486732886"
"47.53031579","0.568086042228405"
"47.53536842","0.567975742777973"
"47.54042105","0.568608937832042"
"47.54547368","0.569985627390611"
"47.55052632","0.571362319673877"
"47.55557895","0.572739009232448"
"47.56063158","0.571265636523768"
"47.56568421","0.566942201547835"
"47.57073684","0.563387044226557"
"47.57578947","0.560600164559921"
"47.58084211","0.558110677767991"
"47.58589474","0.555918593704958"
"47.59094737","0.556229607807077"
"47.596","0.559043720074343"
"47.60471429","0.563897230105664"
"47.60942857","0.566522894992926"
"47.61414286","0.567668655532989"
"47.61885714","0.567334506865053"
"47.62357143","0.567439705744867"
"47.62828571","0.56798425172613"
"47.633","0.565892709323188"
"47.63771429","0.561165077380949"
"47.64242857","0.548991674492227"
"47.64714286","0.52937244901218"
"47.65185714","0.509753265148666"
"47.65657143","0.490134039668589"
"47.66128571","0.464363993260722"
"47.666","0.432443016597267"
"47.67071429","0.404707410167224"
"47.67542857","0.381157223925751"
"47.68014286","0.37518091799121"
"47.68485714","0.386778517717679"
"47.68957143","0.40078099565995"
"47.69428571","0.417188292413595"
"47.699","0.433595623970668"
"47.70489474","0.454111322755155"
"47.70978947","0.507567769878712"
"47.71468421","0.597445523659331"
"47.71957895","0.636664921073034"
"47.72447368","0.625225985489608"
"47.72936842","0.61378702653628"
"47.73426316","0.602348067582935"
"47.73915789","0.60457005421935"
"47.74405263","0.620452995524608"
"47.74894737","0.636335936829889"
"47.75384211","0.652218878135146"
"47.75873684","0.645653698633667"
"47.76363158","0.616640371499906"
"47.76852632","0.584746000402188"
"47.77342105","0.549970656386979"
"47.77831579","0.529312356748826"
"47.78321053","0.522771172534295"
"47.78810526","0.516230001683466"
"47.793","0.509688817468925"
"47.8046","0.466818986234837"
"47.8092","0.438966077745481"
"47.8138","0.42210135025609"
"47.8184","0.416224803766708"
"47.823","0.411566659277334"
"47.8276","0.408126916787959"
"47.8322","0.409425404298582"
"47.8368","0.415462121809209"
"47.8414","0.419716362319827"
"47.846","0.422188125830448"
"47.8506","0.424659889341072"
"47.8552","0.427131652851693"
"47.8598","0.429806483362317"
"47.8644","0.432684380872941"
"47.869","0.440232819383557"
"47.8736","0.45245179889417"
"47.8782","0.458285449404796"
"47.8828","0.457733770915418"
"47.8874","0.463296665426036"
"47.892","0.474974132936667"
"47.9","0.486100612085569"
"47.9","0.486100612085569"
"47.9049","0.482676883564271"
"47.9098","0.474638531042978"
"47.9147","0.47116673352169"
"47.9196","0.472261491000397"
"47.9245","0.4696789699791"
"47.9294","0.463419170457807"
"47.9343","0.459538786436514"
"47.9392","0.45803781791522"
"47.9441","0.455503365893927"
"47.949","0.451935430372634"
"47.9539","0.451443910851339"
"47.9588","0.454028807330045"
"47.9637","0.455988806808748"
"47.9686","0.457323909287454"
"47.9735","0.454741388266157"
"47.9784","0.448241243744864"
"47.9833","0.447797793223571"
"47.9882","0.453411036702276"
"47.9931","0.459264625180981"
"47.998","0.465358558659686"
"48.00505263","0.469840081116584"
"48.01010526","0.469977613167653"
"48.01515789","0.473956533491978"
"48.02021053","0.481776857567238"
"48.02526316","0.529076724353771"
"48.03031579","0.615856149329266"
"48.03536842","0.671334455665223"
"48.04042105","0.695511643361799"
"48.04547368","0.697061814971418"
"48.05052632","0.675984928779505"
"48.05557895","0.671661493803566"
"48.06063158","0.684091468329021"
"48.06568421","0.683485505875589"
"48.07073684","0.669843606443273"
"48.07578947","0.643587083584546"
"48.08084211","0.60471586036705"
"48.08589474","0.568446944847757"
"48.09094737","0.534780260094215"
"48.096","0.511175534301609"
"48.1","0.50045417387605"
"48.10495","0.492406636599448"
"48.1099","0.48957924557283"
"48.11485","0.496755111546208"
"48.1198","0.513934234519622"
"48.12475","0.520575945993001"
"48.1297","0.516680245966387"
"48.13465","0.522035130689775"
"48.1396","0.536640600163165"
"48.14455","0.557971560386555"
"48.1495","0.586028011359947"
"48.15445","0.606727698083309"
"48.1594","0.620070620556698"
"48.16435","0.625862540780086"
"48.1693","0.624103458753473"
"48.17425","0.639485880226863"
"48.1792","0.672009805200209"
"48.18415","0.694797550423633"
"48.1891","0.707849115897003"
"48.19405","0.704220493120385"
"48.199","0.683911682093797"
"48.20510526","0.670631977786784"
"48.21021053","0.669368627129451"
"48.21531579","0.665350735913721"
"48.22042105","0.658578301664989"
"48.22552632","0.650103042394855"
"48.23063158","0.639924991305323"
"48.23573684","0.625239506161791"
"48.24084211","0.606046549369881"
"48.24594737","0.589508008004125"
"48.25105263","0.575623844470212"
"48.25615789","0.56800000601127"
"48.26126316","0.566636489956538"
"48.26636842","0.569805451926904"
"48.27147368","0.577506889251574"
"48.27657895","0.585158258962844"
"48.28168421","0.592759531086314"
"48.28678947","0.601011877017584"
"48.29189474","0.609915314196355"
"48.297","0.617416421118615"
"48.30471429","0.62663198827483"
"48.30942857","0.634090473732675"
"48.31414286","0.643375738815143"
"48.31885714","0.647828163631009"
"48.32357143","0.647447767069372"
"48.32828571","0.648824760613035"
"48.333","0.6519591501038"
"48.33771429","0.651717495096864"
"48.34242857","0.648099803266132"
"48.34714286","0.640111744788441"
"48.35185714","0.627753353552501"
"48.35657143","0.618678486229659"
"48.36128571","0.61288718131933"
"48.366","0.610726268139042"
"48.37071429","0.612195758973406"
"48.37542857","0.613526505430269"
"48.38014286","0.614718513155233"
"48.38485714","0.613690658185297"
"48.38957143","0.610442936159858"
"48.39428571","0.606871491415927"
"48.399","0.602976308801888"
"48.40505263","0.591325176986872"
"48.41010526","0.576047589644657"
"48.41515789","0.552145466050185"
"48.42021053","0.519618741827882"
"48.42526316","0.497947101746944"
"48.43031579","0.487130481431709"
"48.43536842","0.486276687476779"
"48.44042105","0.49538571988215"
"48.44547368","0.516663279011205"
"48.45052632","0.550109431059194"
"48.45557895","0.576120571866907"
"48.46063158","0.594696767629555"
"48.46568421","0.623310139202983"
"48.47073684","0.661960686587163"
"48.47578947","0.665072196656232"
"48.48084211","0.63264460523073"
"48.48589474","0.613674328516116"
"48.49094737","0.60816130233299"
"48.496","0.596799452714455"
"48.5","0.583174332288917"
"48.50495","0.564686502512327"
"48.5099","0.544571929485681"
"48.51485","0.529774621709087"
"48.5198","0.520294579182458"
"48.52475","0.499500173155871"
"48.5297","0.467391403629252"
"48.53465","0.451282989352636"
"48.5396","0.451174930326023"
"48.54455","0.456408416299411"
"48.5495","0.4669834472728"
"48.55445","0.466996786996187"
"48.5594","0.456448435469557"
"48.56435","0.451605825192949"
"48.5693","0.452468956166338"
"48.57425","0.463116826389711"
"48.5792","0.483549435863102"
"48.58415","0.501675469086492"
"48.5891","0.517494926059882"
"48.59405","0.526855969533271"
"48.599","0.529758599506654"
"48.6049","0.531366171878975"
"48.6098","0.531163066357681"
"48.6147","0.531128202336387"
"48.6196","0.531261579815093"
"48.6245","0.5271889197938"
"48.6294","0.518910222272495"
"48.6343","0.512001491251202"
"48.6392","0.506462726729918"
"48.6441","0.502774618708619"
"48.649","0.500937167187326"
"48.6539","0.495422437166033"
"48.6588","0.48623042864474"
"48.6637","0.480210974123447"
"48.6686","0.477364073602154"
"48.6735","0.47788200308086"
"48.6784","0.481764762559571"
"48.6833","0.484830349038277"
"48.6882","0.487078762516979"
"48.6931","0.489904003995689"
"48.698","0.493306073474395"
"48.70495","0.499733675985005"
"48.7099","0.505452756958401"
"48.71485","0.511341796181781"
"48.7198","0.517400793655177"
"48.72475","0.522124404878558"
"48.7297","0.525512629851941"
"48.73465","0.530576157575336"
"48.7396","0.537314988048714"
"48.74455","0.54300978927211"
"48.7495","0.547660561245491"
"48.75445","0.547795299718878"
"48.7594","0.543414004692264"
"48.76435","0.53946974516565"
"48.7693","0.535962521139036"
"48.77425","0.534834712612422"
"48.7792","0.536086319585808"
"48.78415","0.534375797059192"
"48.7891","0.529703145032585"
"48.79405","0.516702538755951"
"48.799","0.495373978229364"
"48.8049","0.488039245101679"
"48.8098","0.496969249580384"
"48.8147","0.508014290059072"
"48.8196","0.521174366537796"
"48.8245","0.5320752000165"
"48.8294","0.540716790495205"
"48.8343","0.533255265973902"
"48.8392","0.509690626452646"
"48.8441","0.490716576431355"
"48.849","0.476333115910063"
"48.8539","0.487906915388784"
"48.8588","0.525437974867484"
"48.8637","0.553932062346145"
"48.8686","0.573389177824876"
"48.8735","0.583352665803581"
"48.8784","0.583822526282287"
"48.8833","0.58085545326099"
"48.8882","0.574451446739706"
"48.8931","0.577781412718412"
"48.898","0.590845351197135"
"48.90505263","0.600239100975326"
"48.91010526","0.600227934125494"
"48.91515789","0.58680908304449"
"48.92021053","0.559982494638182"
"48.92526316","0.542003543929595"
"48.93031579","0.53287217782456"
"48.93536842","0.52257600366249"
"48.94042105","0.511115021443355"
"48.94547368","0.512144746899826"
"48.95052632","0.525665206791061"
"48.95557895","0.529024548361635"
"48.96063158","0.522222798370712"
"48.96568421","0.519163304052429"
"48.97073684","0.519846065406797"
"48.97578947","0.524618046535917"
"48.98084211","0.533479264977576"
"48.98589474","0.544570949394964"
"48.99094737","0.557893117325817"
"48.996","0.568216524088539"
"49","0.57401520366299"
"49.00495","0.575121132136375"
"49.0099","0.570157123109754"
"49.01485","0.564513281083148"
"49.0198","0.558189606056525"
"49.02475","0.553929709779917"
"49.0297","0.551733592253304"
"49.03465","0.552305366226691"
"49.0396","0.555645031700079"
"49.04455","0.554638621923465"
"49.0495","0.549286136896851"
"49.05445","0.543108140370246"
"49.0594","0.536104632343621"
"49.06435","0.530023754817016"
"49.0693","0.524865507790394"
"49.07425","0.52621423376378"
"49.0792","0.534069932737168"
"49.08415","0.541051560710556"
"49.0891","0.547159117683944"
"49.09405","0.546953939657331"
"49.099","0.540436026630726"
"49.10510526","0.540452479656909"
"49.11021053","0.547202360791579"
"49.11531579","0.556080739230362"
"49.12042105","0.567087628194617"
"49.12552632","0.575339990290287"
"49.13063158","0.580837793188557"
"49.13573684","0.582178740237027"
"49.14084211","0.579362825919995"
"49.14594737","0.577122867025563"
"49.15105263","0.575458858038035"
"49.15615789","0.578452530906309"
"49.16126316","0.586103900617579"
"49.16636842","0.589347986488844"
"49.17147368","0.588184803507312"
"49.17657895","0.577581029542442"
"49.18168421","0.557536706134709"
"49.18678947","0.539420562850076"
"49.19189474","0.523232567980141"
"49.197","0.52472376283041"
"49.20471429","0.553691075245524"
"49.20942857","0.553634409098388"
"49.21414286","0.535818823829415"
"49.21885714","0.529588171594486"
"49.22357143","0.534942425960461"
"49.22828571","0.529428603570939"
"49.233","0.513046681033894"
"49.23771429","0.517082890630215"
"49.24242857","0.541537180487015"
"49.24714286","0.568303881461693"
"49.25185714","0.597382879998568"
"49.25657143","0.626461940218247"
"49.26128571","0.655540938755078"
"49.266","0.673428180228951"
"49.27071429","0.680123602957018"
"49.27542857","0.680413789960882"
"49.28014286","0.674298742471642"
"49.28485714","0.687908090473911"
"49.28957143","0.721241891704392"
"49.29428571","0.732955109147843"
"49.299","0.723047792496801"
"49.30515789","0.732608993697442"
"49.31031579","0.759465662658676"
"49.31547368","0.792571243812138"
"49.32063158","0.83192586552641"
"49.32578947","0.83864411986048"
"49.33094737","0.812726032864747"
"49.33610526","0.807401748784625"
"49.34126316","0.822671246974916"
"49.34642105","0.828099229336029"
"49.35157895","0.823685716915291"
"49.35673684","0.816210979546923"
"49.36189474","0.805674988247177"
"49.36705263","0.793545151996015"
"49.37221053","0.779821423759283"
"49.37736842","0.780012419877252"
"49.38252632","0.794118141090523"
"49.38768421","0.805213200352442"
"49.39284211","0.813297640684712"
"49.398","0.815790886793635"
"49.40463158","0.811807826508527"
"49.40926316","0.809026006436188"
"49.41389474","0.80624418636385"
"49.41852632","0.809846096163408"
"49.42315789","0.819831714274973"
"49.42778947","0.822479472278737"
"49.43242105","0.817789348614805"
"49.43705263","0.810259487463364"
"49.44168421","0.799889888824423"
"49.44631579","0.792700796171483"
"49.45094737","0.788692209504544"
"49.45557895","0.784683622837605"
"49.46021053","0.780675036170672"
"49.46484211","0.777507011800034"
"49.46947368","0.775179554750897"
"49.47410526","0.771716197681563"
"49.47873684","0.767116945617224"
"49.48336842","0.765834506938286"
"49.488","0.767868881644749"
"49.5","0.770844220368111"
"49.5","0.770844220368111"
"49.50515789","0.771136414287882"
"49.51031579","0.771428608774151"
"49.51547368","0.771391909838071"
"49.52063158","0.77102631733734"
"49.52578947","0.77111611565351"
"49.53094737","0.771661305134778"
"49.53610526","0.772004097955449"
"49.54126316","0.772144495444718"
"49.54642105","0.777673675607638"
"49.55157895","0.788591659883907"
"49.55673684","0.799509622992676"
"49.56189474","0.810427607268961"
"49.56705263","0.819878202251618"
"49.57221053","0.827861444585887"
"49.57736842","0.864711344405905"
"49.58252632","0.930428044599179"
"49.58768421","0.962901139491346"
"49.59284211","0.962130754998615"
"49.598","0.954301825323936"
"49.60471429","0.934922033668112"
"49.60942857","0.921314971088592"
"49.61414286","0.907707879645547"
"49.61885714","0.900459791501009"
"49.62357143","0.899570675905472"
"49.62828571","0.876066736750798"
"49.633","0.829947874322967"
"49.63771429","0.810004918548619"
"49.64242857","0.816237856206276"
"49.64714286","0.803070113019782"
"49.65185714","0.770501744852284"
"49.65657143","0.73793330760018"
"49.66128571","0.70536493943273"
"49.666","0.67982607428548"
"49.67071429","0.661316781243005"
"49.67542857","0.627407247558359"
"49.68014286","0.578097329372496"
"49.68485714","0.554847749195151"
"49.68957143","0.557658408391616"
"49.69428571","0.574528176013261"
"49.699","0.605457123628942"
"49.70485","0.643837101006596"
"49.7097","0.675656398490606"
"49.71455","0.690728063974646"
"49.7194","0.689052097458672"
"49.72425","0.693299654192695"
"49.7291","0.703470734176716"
"49.73395","0.713380132410751"
"49.7388","0.723027848894786"
"49.74365","0.729059599378809"
"49.7485","0.731475383862833"
"49.75335","0.733891168346857"
"49.7582","0.736306952830881"
"49.76305","0.732680267814904"
"49.7679","0.72301111329892"
"49.77275","0.711200926282951"
"49.7776","0.697249706766984"
"49.78245","0.683750483001016"
"49.7873","0.670703254985028"
"49.79215","0.666553206469056"
"49.797","0.671300337453079"
"49.80495","0.679081717107308"
"49.8099","0.683926727080696"
"49.81485","0.683114555304083"
"49.8198","0.676645201777469"
"49.82475","0.677459773250856"
"49.8297","0.685558269724233"
"49.83465","0.688290941447624"
"49.8396","0.685657788421014"
"49.84455","0.683704468394398"
"49.8495","0.682430981367787"
"49.85445","0.681157494341173"
"49.8594","0.67988400731456"
"49.86435","0.684413380537948"
"49.8693","0.694745614011336"
"49.87425","0.699639183484724"
"49.8792","0.699094088958112"
"49.88415","0.702627992431499"
"49.8891","0.710240893904887"
"49.89405","0.715450100128275"
"49.899","0.718255611101663"
"49.90515789","0.721745717761849"
"49.91031579","0.724669060196115"
"49.91547368","0.724961254115885"
"49.92063158","0.722622300654157"
"49.92578947","0.723471082483828"
"49.93094737","0.727507602896093"
"49.93610526","0.729469560545562"
"49.94126316","0.729356963039831"
"49.94642105","0.728333585536203"
"49.95157895","0.726399424066469"
"49.95673684","0.724465266346642"
"49.96189474","0.722531104876908"
"49.96705263","0.726896510319122"
"49.97221053","0.737561499600392"
"49.97736842","0.737322405060712"
"49.98252632","0.726179225772981"
"49.98768421","0.721689823557701"
"49.99284211","0.72385418100697"
"49.998","0.72915566611584"
"50.00463158","0.740005328185136"
"50.00926316","0.747582870467201"
"50.01389474","0.755160412749267"
"50.01852632","0.749561573089335"
"50.02315789","0.730786392024796"
"50.02778947","0.720462229185654"
"50.03242105","0.718589125109319"
"50.03705263","0.71510305014008"
"50.04168421","0.710004004277941"
"50.04631579","0.710857048189603"
"50.05094737","0.717662181875069"
"50.05557895","0.724467315560534"
"50.06021053","0.731272449245988"
"50.06484211","0.734942512745252"
"50.06947368","0.735477504903216"
"50.07410526","0.735421832818879"
"50.07873684","0.734775495337141"
"50.08336842","0.736241922546104"
"50.088","0.739821114445767"
"50.1","0.75027167316913"
"50.1","0.75027167316913"
"50.10495","0.755068123642511"
"50.1099","0.759864574115906"
"50.11485","0.759877913839293"
"50.1198","0.755108142812672"
"50.12475","0.755340000286058"
"50.1297","0.760573486259446"
"50.13465","0.761679414732834"
"50.1396","0.75865778570622"
"50.14455","0.758428327929607"
"50.1495","0.760991041402994"
"50.15445","0.763553754876378"
"50.1594","0.766116468349765"
"50.16435","0.771107156823153"
"50.1693","0.778525820296541"
"50.17425","0.783904984769929"
"50.1792","0.787244650243312"
"50.18415","0.785461288466696"
"50.1891","0.778554899440092"
"50.19405","0.77332381316347"
"50.199","0.769768029636862"
"50.20510526","0.765382376518946"
"50.21021053","0.761715056324013"
"50.21531579","0.761027658048182"
"50.22042105","0.763320174508052"
"50.22552632","0.76308351917407"
"50.23063158","0.760317692973339"
"50.23573684","0.760757153211008"
"50.24084211","0.764401907026273"
"50.24594737","0.763964921753441"
"50.25105263","0.759446204531717"
"50.25615789","0.754927487309979"
"50.26126316","0.750408761237147"
"50.26636842","0.746115415718122"
"50.27147368","0.74204744190179"
"50.27657895","0.738505328453608"
"50.28168421","0.735489089249877"
"50.28678947","0.734551277971046"
"50.29189474","0.735691896851314"
"50.297","0.740388378139978"
"50.30495","0.753239075294206"
"50.3099","0.761240452767595"
"50.31485","0.769241830240983"
"50.3198","0.775956380964371"
"50.32475","0.781384104937759"
"50.3297","0.789166964661136"
"50.33465","0.79930496013454"
"50.3396","0.799561097357927"
"50.34455","0.789935376331298"
"50.3495","0.772928611304706"
"50.35445","0.748540802278088"
"50.3594","0.724152993251471"
"50.36435","0.699765184224854"
"50.3693","0.691013534198239"
"50.37425","0.697898043171627"
"50.3792","0.686524180145028"
"50.38415","0.65689194511841"
"50.3891","0.659527497841797"
"50.39405","0.69443083831519"
"50.399","0.694735535038577"
"50.40485","0.65420632491625"
"50.4097","0.620605184900292"
"50.41455","0.587004044884235"
"50.4194","0.559802213118275"
"50.42425","0.538999689602311"
"50.4291","0.519553153336346"
"50.43395","0.501462604320381"
"50.4388","0.493292172554398"
"50.44365","0.495041858038423"
"50.4485","0.504523049772458"
"50.45335","0.521735747756474"
"50.4582","0.538948445740491"
"50.46305","0.556161143724534"
"50.4679","0.558862399208558"
"50.47275","0.547052212192589"
"50.4776","0.545304877926616"
"50.48245","0.553620396410649"
"50.4873","0.563886633394685"
"50.49215","0.576103588878705"
"50.497","0.583182066362727"
"50.50484211","0.586318909528432"
"50.50968421","0.588255749013297"
"50.51452632","0.590192592498161"
"50.51936842","0.591393166467528"
"50.52421053","0.591857475880293"
"50.52905263","0.595908109909657"
"50.53389474","0.603545085286531"
"50.53873684","0.605885683279896"
"50.54357895","0.602929913557457"
"50.54842105","0.601422930469826"
"50.55326316","0.601364727792491"
"50.55810526","0.601306525235357"
"50.56294737","0.601248322558022"
"50.56778947","0.600881363494388"
"50.57263158","0.600205646528753"
"50.57747368","0.597131130408116"
"50.58231579","0.591657802433383"
"50.58715789","0.58893954382025"
"50.592","0.588976343341115"
"50.6","0.587310582490023"
"50.6","0.587310582490023"
"50.60515789","0.585123430265693"
"50.61031579","0.582936273800962"
"50.61547368","0.580293731468532"
"50.62063158","0.577195793021801"
"50.62578947","0.578348168256872"
"50.63094737","0.583750861642141"
"50.63610526","0.590823308282501"
"50.64126316","0.599565535601783"
"50.64642105","0.603323754233203"
"50.65157895","0.602097978749472"
"50.65673684","0.600872205642242"
"50.66189474","0.599646430158511"
"50.66705263","0.596573797168432"
"50.67221053","0.591654294757707"
"50.67736842","0.586380609578471"
"50.68252632","0.580752721181747"
"50.68768421","0.571785316236806"
"50.69284211","0.559478359972074"
"50.698","0.550941045684795"
"50.70484211","0.544616540578386"
"50.70968421","0.540140744928254"
"50.71452632","0.535664940034621"
"50.71936842","0.535772990980987"
"50.72421053","0.540464898213644"
"50.72905263","0.542971749710512"
"50.73389474","0.543293555825977"
"50.73873684","0.543021598764344"
"50.74357895","0.542155877402308"
"50.74842105","0.560266807727665"
"50.75326316","0.597354464546573"
"50.75810526","0.634442044771366"
"50.76294737","0.671529701590274"
"50.76778947","0.690376897431158"
"50.77263158","0.690983710141223"
"50.77747368","0.697005635712086"
"50.78231579","0.708442699016947"
"50.78715789","0.72470109030333"
"50.792","0.745780876725488"
"50.80471429","0.755107315659463"
"50.80942857","0.741500253079964"
"50.81414286","0.72789316163692"
"50.81885714","0.714286099057379"
"50.82357143","0.69149894141168"
"50.82828571","0.65953178537258"
"50.833","0.636282155877881"
"50.83771429","0.621750120736836"
"50.84242857","0.608674899655515"
"50.84714286","0.597056437163172"
"50.85185714","0.589854596105434"
"50.85657143","0.587069345928996"
"50.86128571","0.584284101660663"
"50.866","0.581498851484225"
"50.87071429","0.572377736976483"
"50.87542857","0.556920790924965"
"50.88014286","0.548932732447274"
"50.88485714","0.548413595432138"
"50.88957143","0.550692412002253"
"50.89428571","0.555769172489911"
"50.899","0.561331539187927"
"50.90489474","0.568893900506809"
"50.90978947","0.575173349103081"
"50.91468421","0.581452810528335"
"50.91957895","0.587468176256906"
"50.92447368","0.593219434538877"
"50.92936842","0.600387217853029"
"50.93426316","0.608971514449503"
"50.93915789","0.614650746779524"
"50.94405263","0.617424938048589"
"50.94894737","0.618038346344654"
"50.95384211","0.61649097166772"
"50.95873684","0.614943600152086"
"50.96363158","0.613396225475153"
"50.96852632","0.608895780735121"
"50.97342105","0.601442281159582"
"50.97831579","0.598382358401545"
"50.98321053","0.599716027688608"
"50.98810526","0.600113356875626"
"50.993","0.599574347586091"
"51.0046","0.605010918352005"
"51.0092","0.609829233862631"
"51.0138","0.614647549373256"
"51.0184","0.619465864883874"
"51.023","0.6235847273945"
"51.0276","0.627004136905119"
"51.0322","0.630604050415739"
"51.0368","0.634384467926364"
"51.0414","0.638435641436989"
"51.046","0.642757570947608"
"51.0506","0.646086728458228"
"51.0552","0.648423113968851"
"51.0598","0.650759499479475"
"51.0644","0.653095884990096"
"51.069","0.655138951500719"
"51.0736","0.65688869901134"
"51.0782","0.657938993521962"
"51.0828","0.658289835032585"
"51.0874","0.657377148543207"
"51.092","0.655200934053831"
"51.1","0.652004813202738"
"51.10494737","0.650392266898604"
"51.10989474","0.648779720594472"
"51.11484211","0.647167174290339"
"51.11978947","0.645578898046406"
"51.12473684","0.644014885441974"
"51.12968421","0.645581296468192"
"51.13463158","0.650278131125062"
"51.13957895","0.650509865409529"
"51.14452632","0.646276499321599"
"51.14947368","0.680336153452885"
"51.15442105","0.7526889654915"
"51.15936842","0.825041777530218"
"51.16431579","0.897394589568937"
"51.16926316","0.931187377195929"
"51.17421053","0.926420140411299"
"51.17915789","0.908961376444157"
"51.18410526","0.878811014716445"
"51.18905263","0.864264237442251"
"51.194","0.865321044621619"
"51.2046","0.820739616493937"
"51.2092","0.78106369600459"
"51.2138","0.741387775515121"
"51.2184","0.701711855025774"
"51.223","0.673565627536418"
"51.2276","0.656949093047053"
"51.2322","0.64944801055767"
"51.2368","0.651062380068293"
"51.2414","0.651683977578915"
"51.246","0.651312803089537"
"51.2506","0.655386539600156"
"51.2552","0.663905187110771"
"51.2598","0.672423834621413"
"51.2644","0.680942482132028"
"51.269","0.69451524164264"
"51.2736","0.713142113153276"
"51.2782","0.731859236663884"
"51.2828","0.75066661217452"
"51.2874","0.762863028685133"
"51.292","0.76844848619576"
"51.3","0.772747205344665"
"51.30471429","0.772089325673627"
"51.30942857","0.771431447398094"
"51.31414286","0.770773567727056"
"51.31885714","0.769907577560921"
"51.32357143","0.768833473225783"
"51.32828571","0.759827995782858"
"51.333","0.742891107027012"
"51.33771429","0.725954218271166"
"51.34242857","0.70901736544205"
"51.34714286","0.700381846375758"
"51.35185714","0.700047697707822"
"51.35657143","0.699713548331085"
"51.36128571","0.69937939966315"
"51.366","0.696987250558362"
"51.37071429","0.692537101725523"
"51.37542857","0.694099083616385"
"51.38014286","0.701673202857553"
"51.38485714","0.71058847154962"
"51.38957143","0.720844927514989"
"51.39428571","0.725459217134648"
"51.399","0.724431359984411"
"51.40494444","0.730074772910403"
"51.40988889","0.740540936921888"
"51.41483333","0.747102430775661"
"51.41977778","0.749759281012636"
"51.42472222","0.749287556188413"
"51.42966667","0.745687254394898"
"51.43461111","0.744924499832276"
"51.43955556","0.746999289415255"
"51.4445","0.745727232810435"
"51.44944444","0.741108334214011"
"51.45438889","0.736489426275985"
"51.45933333","0.731870527679568"
"51.46427778","0.729919397739046"
"51.46922222","0.730636044346626"
"51.47416667","0.728127106279359"
"51.47911111","0.722392593685734"
"51.48405556","0.723473029651462"
"51.489","0.731368409806233"
"51.5045","0.745551295657246"
"51.509","0.746600830178507"
"51.5135","0.745862492199768"
"51.518","0.743336281721028"
"51.5225","0.742001986242289"
"51.527","0.74185960576355"
"51.5315","0.74103297778481"
"51.536","0.739522102306071"
"51.5405","0.735870194327332"
"51.545","0.730077253848593"
"51.5495","0.724019443369853"
"51.554","0.717696762891113"
"51.5585","0.705613159912374"
"51.563","0.687768634433634"
"51.5675","0.681600461454894"
"51.572","0.687108640976155"
"51.5765","0.706345915497417"
"51.581","0.739312285018679"
"51.5855","0.73908161453994"
"51.59","0.705653904061199"
"51.5945","0.68644088358249"
"51.599","0.68144255310375"
"51.6049","0.696593811476081"
"51.6098","0.727202934954782"
"51.6147","0.750024880433484"
"51.6196","0.765059647912188"
"51.6245","0.754834155890896"
"51.6294","0.719348404369556"
"51.6343","0.713112639348264"
"51.6392","0.736126860826933"
"51.6441","0.740249965305645"
"51.649","0.725481952784353"
"51.6539","0.706195454263062"
"51.6588","0.682390469741772"
"51.6637","0.67175639122048"
"51.6686","0.674293218699186"
"51.6735","0.662721794677893"
"51.6784","0.637042119156566"
"51.6833","0.628378869635274"
"51.6882","0.636732046113967"
"51.6931","0.646118706092685"
"51.698","0.65653884957139"
"51.7048","0.663528160847968"
"51.7096","0.663187936337313"
"51.7144","0.661741143826657"
"51.7192","0.659187783316007"
"51.724","0.660589814805353"
"51.7288","0.665947238294702"
"51.7336","0.670904413784042"
"51.7384","0.67546134127339"
"51.7432","0.678982332762731"
"51.748","0.681467388252078"
"51.7528","0.684752939741425"
"51.7576","0.688838987230766"
"51.7624","0.689934946720112"
"51.7672","0.688040818209459"
"51.772","0.685181385698801"
"51.7768","0.681356649188144"
"51.7816","0.681181232677489"
"51.7864","0.684655136166836"
"51.7912","0.686151343656179"
"51.796","0.685669855145524"
"51.8049","0.683423805698683"
"51.8098","0.681442147177389"
"51.8147","0.680758351656097"
"51.8196","0.681372419134804"
"51.8245","0.68518307511351"
"51.8294","0.692190319592215"
"51.8343","0.695808699570926"
"51.8392","0.696038215049632"
"51.8441","0.699368181028337"
"51.849","0.705798597507043"
"51.8539","0.712781807485758"
"51.8588","0.720317810964463"
"51.8637","0.725786847443161"
"51.8686","0.729188916921871"
"51.8735","0.723385772900578"
"51.8784","0.708377415379287"
"51.8833","0.700555373357983"
"51.8882","0.69991964683669"
"51.8931","0.696640125315397"
"51.898","0.690716808794095"
"51.90485","0.668492565315371"
"51.9097","0.642884613299409"
"51.91455","0.626649625783395"
"51.9194","0.619787602767424"
"51.92425","0.61830195025145"
"51.9291","0.622192668235474"
"51.93395","0.622729101969499"
"51.9388","0.619911251453522"
"51.94365","0.61542815343755"
"51.9485","0.60927980792157"
"51.95335","0.610744022405594"
"51.9582","0.619820796889615"
"51.96305","0.627327480873648"
"51.9679","0.633264074357671"
"51.97275","0.633467458591696"
"51.9776","0.627937633575725"
"51.98245","0.641320262309763"
"51.9873","0.67361534479382"
"51.99215","0.671320857777847"
"51.997","0.634436801261891"
"52.00495","0.612699155166135"
"52.0099","0.623274186139539"
"52.01485","0.622267776362928"
"52.0198","0.609679925836294"
"52.02475","0.595926647309698"
"52.0297","0.581007940783082"
"52.03465","0.545305768256463"
"52.0396","0.488820129729839"
"52.04455","0.464213802953221"
"52.0495","0.47148678792661"
"52.05445","0.459044615900012"
"52.0594","0.426887286873347"
"52.06435","0.40572868459676"
"52.0693","0.39556880907013"
"52.07425","0.403812984043507"
"52.0792","0.430461209516898"
"52.08415","0.432222691240286"
"52.0891","0.409097429213668"
"52.09405","0.401389808437054"
"52.099","0.409099828910432"
"52.1049","0.430588837782766"
"52.1098","0.458650304261467"
"52.1147","0.471642139240172"
"52.1196","0.469564342718878"
"52.1245","0.468303719197585"
"52.1294","0.46786026867629"
"52.1343","0.466094920654996"
"52.1392","0.463007675133708"
"52.1441","0.456988220612406"
"52.149","0.448036557091114"
"52.1539","0.449972522069819"
"52.1588","0.462796115548524"
"52.1637","0.468072876027229"
"52.1686","0.465802803505935"
"52.1735","0.459038279484643"
"52.1784","0.447779303963334"
"52.1833","0.442480884442041"
"52.1882","0.443143020920746"
"52.1931","0.443540777899453"
"52.198","0.443674155378159"
"52.20495","0.44955632188877"
"52.2099","0.45780049686217"
"52.21485","0.457910955585557"
"52.2198","0.449887698058931"
"52.22475","0.446016277782323"
"52.2297","0.446296694755709"
"52.23465","0.450631829979103"
"52.2396","0.45902168345248"
"52.24455","0.462846943925873"
"52.2495","0.462107611399261"
"52.25445","0.460955523122648"
"52.2594","0.459390679096034"
"52.26435","0.456878924819421"
"52.2693","0.453420260292807"
"52.27425","0.445906877516192"
"52.2792","0.434338776489593"
"52.28415","0.422843514712962"
"52.2891","0.411421092186363"
"52.29405","0.401212657159733"
"52.299","0.392218209633132"
"52.3049","0.39058455800545"
"52.3098","0.396774629484156"
"52.3147","0.388880483962874"
"52.3196","0.366902121441552"
"52.3245","0.368862120920258"
"52.3294","0.394760482398961"
"52.3343","0.420899188877701"
"52.3392","0.447278240356364"
"52.3441","0.468465839835067"
"52.349","0.484461987313771"
"52.3539","0.485412537792479"
"52.3588","0.471317491271187"
"52.3637","0.455852478249918"
"52.3686","0.439017498728603"
"52.3735","0.430161973207311"
"52.3784","0.429285901686017"
"52.3833","0.429034727164723"
"52.3882","0.429408449643429"
"52.3931","0.427739239622135"
"52.398","0.424027097100837"
"52.40485","0.4132601978721"
"52.4097","0.401687903356132"
"52.41455","0.398917631340151"
"52.4194","0.404949381824174"
"52.42425","0.413716896058195"
"52.4291","0.425220174042215"
"52.43395","0.430062462026237"
"52.4388","0.428243760010261"
"52.44365","0.422666356494289"
"52.4485","0.413330251478306"
"52.45335","0.410869239712333"
"52.4582","0.415283321196356"
"52.46305","0.416390696930383"
"52.4679","0.41419136691441"
"52.47275","0.406877348148438"
"52.4776","0.39444864063247"
"52.48245","0.384446436616486"
"52.4873","0.376870736100504"
"52.49215","0.365108127584536"
"52.497","0.349158611068569"
"52.50495","0.329604670972812"
"52.5099","0.321532853946185"
"52.51485","0.320817801169573"
"52.5198","0.327459512642971"
"52.52475","0.332960075866351"
"52.5297","0.337319490839739"
"52.53465","0.336410200063125"
"52.5396","0.330232203536511"
"52.54455","0.325850908509897"
"52.5495","0.323266314983284"
"52.55445","0.32361957120667"
"52.5594","0.326910677180062"
"52.56435","0.332095603653442"
"52.5693","0.339174350626841"
"52.57425","0.340158880350226"
"52.5792","0.335049192823612"
"52.58415","0.329381071046998"
"52.5891","0.323154515020384"
"52.59405","0.31736499449377"
"52.599","0.312012509467164"
"52.60485","0.3071502520948"
"52.6097","0.304332401578828"
"52.61455","0.30108634456285"
"52.6194","0.297412081046877"
"52.62425","0.291335103280897"
"52.6291","0.282855411264927"
"52.63395","0.276374016248955"
"52.6388","0.271890918232977"
"52.64365","0.268811385967004"
"52.6485","0.26713541945103"
"52.65335","0.265221560435057"
"52.6582","0.263069808919083"
"52.66305","0.260751532653104"
"52.6679","0.25826673163713"
"52.67275","0.254354575621158"
"52.6776","0.249015064605186"
"52.68245","0.245745218339213"
"52.6873","0.244545036823238"
"52.69215","0.245771358807263"
"52.697","0.249424184291291"
"52.70495","0.24757386069552"
"52.7099","0.241541542668898"
"52.71485","0.234853671392293"
"52.7198","0.227510246865668"
"52.72475","0.221186571839063"
"52.7297","0.215882646312456"
"52.73465","0.213273773035839"
"52.7396","0.213359952009226"
"52.74455","0.212742018232612"
"52.7495","0.211419971706"
"52.75445","0.207767069179386"
"52.7594","0.201783310652772"
"52.76435","0.196090909126157"
"52.7693","0.190689864599543"
"52.77425","0.187304039322929"
"52.7792","0.185933433296318"
"52.78415","0.1827904055197"
"52.7891","0.177874955993093"
"52.79405","0.175193243466476"
"52.799","0.174745267939863"
"52.8049","0.16955205781218"
"52.8098","0.161369498290887"
"52.8147","0.154172353269605"
"52.8196","0.147960622748303"
"52.8245","0.14275834122701"
"52.8294","0.138565508705717"
"52.8343","0.13595895318442"
"52.8392","0.134938674663128"
"52.8441","0.129928669141835"
"52.849","0.120928936620542"
"52.8539","0.110535203099235"
"52.8588","0.0987474685779424"
"52.8637","0.0869597340566675"
"52.8686","0.0751719995353584"
"52.8735","0.0680709925140655"
"52.8784","0.0656567129927721"
"52.8833","0.061680190971473"
"52.8882","0.0561414264501885"
"52.8931","0.0505786274288955"
"52.898","0.0449917939075946"
"52.90505263","0.037573272712893"
"52.91010526","0.0327046084336671"
"52.91515789","0.0311816694246827"
"52.92021053","0.0330044592935483"
"52.92526316","0.0363885840142675"
"52.93031579","0.0413340471944379"
"52.93536842","0.0454121001193517"
"52.94042105","0.0486227427890211"
"52.94547368","0.049429419894141"
"52.95052632","0.0478321282734122"
"52.95557895","0.0466065870662284"
"52.96063158","0.045752793111298"
"52.96568421","0.0448989991563662"
"52.97073684","0.0440452052014346"
"52.97578947","0.0418779042885526"
"52.98084211","0.0383970895286232"
"52.98589474","0.0350154142583861"
"52.99094737","0.0317328715887579"
"52.996","0.0271120388110251"
"53","0.0223943983854815"
"53.00495","0.0143711408588787"
"53.0099","0.00416270583224909"
"53.01485","-0.0060457291943512"
"53.0198","-0.0162541642209806"
"53.02475","-0.0214366909975869"
"53.0297","-0.0215933095242"
"53.03465","-0.0244935398008137"
"53.0396","-0.0301373818274278"
"53.04455","-0.0344701173540416"
"53.0495","-0.0374917463806554"
"53.05445","-0.0371627699072687"
"53.0594","-0.0334831879338759"
"53.06435","-0.0298036059604938"
"53.0693","-0.0261240239871008"
"53.07425","-0.0225172812637184"
"53.0792","-0.0189833777903312"
"53.08415","-0.0176589315669442"
"53.0891","-0.0185439425935572"
"53.09405","-0.0201816258701706"
"53.099","-0.0225719813967811"
"53.10510526","-0.0216271930612983"
"53.11021053","-0.0175817776564287"
"53.11531579","-0.0135363701755533"
"53.12042105","-0.00949096269468908"
"53.12552632","-0.00689794555212009"
"53.13063158","-0.00575732890605063"
"53.13573684","-0.00889877461128163"
"53.14084211","-0.0163222972087154"
"53.14594737","-0.0210413448328464"
"53.15105263","-0.0230559320245745"
"53.15615789","-0.0251206018169083"
"53.16126316","-0.0272353583521407"
"53.16636842","-0.0293501107450689"
"53.17147368","-0.0314648631380026"
"53.17657895","-0.0330036686381825"
"53.18168421","-0.0339665212173135"
"53.18678947","-0.0348292085952444"
"53.19189474","-0.0355917322655765"
"53.197","-0.0345011982201069"
"53.20495","-0.0299173880658834"
"53.2099","-0.026577722592491"
"53.21485","-0.0227524621191086"
"53.2198","-0.0205539448957182"
"53.22475","-0.0199821709223322"
"53.2297","-0.0195803551989455"
"53.23465","-0.0193484977255585"
"53.2396","-0.0186310452521725"
"53.24455","-0.0174279977787835"
"53.2495","-0.0171475808053969"
"53.25445","-0.0177897943320102"
"53.2594","-0.0195003168586239"
"53.26435","-0.0222791483852371"
"53.2693","-0.0250579799118504"
"53.27425","-0.0278368114384639"
"53.2792","-0.0301786074650738"
"53.28415","-0.0320833679916901"
"53.2891","-0.032919819518302"
"53.29405","-0.0326879620449148"
"53.299","-0.0319947893215284"
"53.3","-0.0317615594279157"
"53.30510526","-0.030145158076146"
"53.31021053","-0.0281030506192772"
"53.31531579","-0.0260609471624076"
"53.32042105","-0.0240188437055384"
"53.32552632","-0.0225026045850216"
"53.33063158","-0.0215122357407505"
"53.33573684","-0.0193449257823841"
"53.34084211","-0.0160006681593148"
"53.34594737","-0.0131572430928413"
"53.35105263","-0.0108146440323751"
"53.35615789","-0.00929840788180347"
"53.36126316","-0.0086085332898358"
"53.36636842","-0.00786857744856628"
"53.37147368","-0.00707853900669719"
"53.37657895","-0.00713990489522875"
"53.38168421","-0.00805267487375816"
"53.38678947","-0.00856478404748962"
"53.39189474","-0.00867623263472161"
"53.397","-0.00821173109675266"
"53.40478947","-0.00662423793944567"
"53.40957895","-0.00611799041298178"
"53.41436842","-0.00608159095051675"
"53.41915789","-0.00623313029085182"
"53.42394737","-0.00657260914278757"
"53.42873684","-0.00663017908172225"
"53.43352632","-0.00640584034805824"
"53.43831579","-0.00604054798069331"
"53.44310526","-0.00553430151122858"
"53.44789474","-0.00479312999076309"
"53.45268421","-0.00381703651429821"
"53.45747368","-0.00349872884763314"
"53.46226316","-0.00383820769956889"
"53.46705263","-0.00455356344830338"
"53.47184211","-0.00564479908103932"
"53.47663158","-0.00633666247942499"
"53.48142105","-0.0066291559218592"
"53.48621053","-0.00588798440139504"
"53.491","-0.00411315101302789"
"53.5","-0.00170506697050632"
"53.5","-0.00170506697050632"
"53.50515789","-0.00138757360028641"
"53.51031579","-0.00160136910401731"
"53.51547368","-0.00201755979684703"
"53.52063158","-0.00263614729257822"
"53.52578947","-0.00269814567910776"
"53.53094737","-0.00220355519683912"
"53.53610526","-0.00130417446626918"
"53.54126316","-2.22044604925031E-16"
"53.54642105","0"
"53.55157895","0"
"53.55673684","0"
"53.56189474","0"
"53.56705263","0"
"53.57221053","0"
"53.57736842","0"
"53.58252632","0"
"53.58768421","0"
"53.59284211","0"
"53.598","0"
"53.60484211","0"
"53.60968421","0"
"53.61452632","0"
"53.61936842","0"
"53.62421053","0"
"53.62905263","0"
"53.63389474","0"
"53.63873684","0"
"53.64357895","0"
"53.64842105","0"
"53.65326316","0"
"53.65810526","0"
"53.66294737","0"
"53.66778947","0"
"53.67263158","0"
"53.67747368","0"
"53.68231579","0"
"53.68715789","0"
"53.692","0"
"53.70471429","0"
"53.70942857","0"
"53.71414286","0"
"53.71885714","0"
"53.72357143","0"
"53.72828571","0"
"53.733","0"
"53.73771429","0"
"53.74242857","0"
"53.74714286","0"
"53.75185714","0"
"53.75657143","0"
"53.76128571","0"
"53.766","0"
"53.77071429","0"
"53.77542857","0"
"53.78014286","0"
"53.78485714","0"
"53.78957143","0"
"53.79428571","0"
"53.799","0"
"53.80489474","0"
"53.80978947","0"
"53.81468421","0"
"53.81957895","0"
"53.82447368","0"
"53.82936842","0"
"53.83426316","0"
"53.83915789","0"
"53.84405263","0"
"53.84894737","0"
"53.85384211","0"
"53.85873684","0"
"53.86363158","0"
"53.86852632","0"
"53.87342105","0"
"53.87831579","0"
"53.88321053","0"
"53.88810526","0"
"53.893","0"
"53.9046","0"
"53.9092","0"
"53.9138","0"
"53.9184","0"
"53.923","0"
"53.9276","0"
"53.9322","0"
"53.9368","0"
"53.9414","0"
"53.946","0"
"53.9506","0"
"53.9552","0"
"53.9598","0"
"53.9644","0"
"53.969","0"
"53.9736","0"
"53.9782","0"
"53.9828","0"
"53.9874","0"
"53.992","0"
"54","0"
"54","0"
"54.00516667","0"
"54.01033333","0"
"54.0155","0"
"54.02066667","0"
"54.02583333","0"
"54.031","0"
"54.03616667","0"
"54.04133333","0"
"54.0465","0"
"54.05166667","0"
"54.05683333","0"
"54.062","0"
"54.06716667","0"
"54.07233333","0"
"54.0775","0"
"54.08266667","0"
"54.08783333","0"
"54.093","0"
"54.1046","0"
"54.1092","0"
"54.1138","0"
"54.1184","0"
"54.123","0"
"54.1276","0"
"54.1322","0"
"54.1368","0"
"54.1414","0"
"54.146","0"
"54.1506","0"
"54.1552","0"
"54.1598","0"
"54.1644","0"
"54.169","0"
"54.1736","0"
"54.1782","0"
"54.1828","0"
"54.1874","0"
"54.192","0"
"54.2","0"
"54.20478947","0"
"54.20957895","0"
"54.21436842","0"
"54.21915789","0"
"54.22394737","0"
"54.22873684","0"
"54.23352632","0"
"54.23831579","0"
"54.24310526","0"
"54.24789474","0"
"54.25268421","0"
"54.25747368","0"
"54.26226316","0"
"54.26705263","0"
"54.27184211","0"
"54.27663158","0"
"54.28142105","0"
"54.28621053","0"
"54.291","0"
"54.30465","0"
"54.3093","0"
"54.31395","0"
"54.3186","0"
"54.32325","0"
"54.3279","0"
"54.33255","0"
"54.3372","0"
"54.34185","0"
"54.3465","0"
"54.35115","0"
"54.3558","0"
"54.36045","0"
"54.3651","0"
"54.36975","0"
"54.3744","0"
"54.37905","0"
"54.3837","0"
"54.38835","0"
"54.393","0"
"54.40455","0"
"54.4091","0"
"54.41365","0"
"54.4182","0"
"54.42275","0"
"54.4273","0"
"54.43185","0"
"54.4364","0"
"54.44095","0"
"54.4455","0"
"54.45005","0"
"54.4546","0"
"54.45915","0"
"54.4637","0"
"54.46825","0"
"54.4728","0"
"54.47735","0"
"54.4819","0"
"54.48645","0"
"54.491","0"
"54.5045","0"
"54.509","0"
"54.5135","0"
"54.518","0"
"54.5225","0"
"54.527","0"
"54.5315","0"
"54.536","0"
"54.5405","0"
"54.545","0"
"54.5495","0"
"54.554","0"
"54.5585","0"
"54.563","0"
"54.5675","0"
"54.572","0"
"54.5765","0"
"54.581","0"
"54.5855","0"
"54.59","0"
"54.6044","0"
"54.6088","0"
"54.6132","0"
"54.6176","0"
"54.622","0"
"54.6264","0"
"54.6308","0"
"54.6352","0"
"54.6396","0"
"54.644","0"
"54.6484","0"
"54.6528","0"
"54.6572","0"
"54.6616","0"
"54.666","0"
"54.6704","0"
"54.6748","0"
"54.6792","0"
"54.6836","0"
"54.688","0"
"54.7","0"
"54.7","0"
"54.7049","0"
"54.7098","0"
"54.7147","0"
"54.7196","0"
"54.7245","0"
"54.7294","0"
"54.7343","0"
"54.7392","0"
"54.7441","0"
"54.749","0"
"54.7539","0"
"54.7588","0"
"54.7637","0"
"54.7686","0"
"54.7735","0"
"54.7784","0"
"54.7833","0"
"54.7882","0"
"54.7931","0"
"54.798","0"
"54.80485","0"
"54.8097","0"
"54.81455","0"
"54.8194","0"
"54.82425","0"
"54.8291","0"
"54.83395","0"
"54.8388","0"
"54.84365","0"
"54.8485","0"
"54.85335","0"
"54.8582","0"
"54.86305","0"
"54.8679","0"
"54.87275","0"
"54.8776","0"
"54.88245","0"
"54.8873","0"
"54.89215","0"
"54.897","0"
"54.90495","0"
"54.9099","0"
"54.91485","0"
"54.9198","0"
"54.92475","0"
"54.9297","0"
"54.93465","0"
"54.9396","0"
"54.94455","0"
"54.9495","0"
"54.95445","0"
"54.9594","0"
"54.96435","0"
"54.9693","0"
"54.97425","0"
"54.9792","0"
"54.98415","0"
"54.9891","0"
"54.99405","0"
"54.999","0"
"55.00485","0"
"55.0097","0"
"55.01455","0"
"55.0194","0"
"55.02425","0"
"55.0291","0"
"55.03395","0"
"55.0388","0"
"55.04365","0"
"55.0485","0"
"55.05335","0"
"55.0582","0"
"55.06305","0"
"55.0679","0"
"55.07275","0"
"55.0776","0"
"55.08245","0"
"55.0873","0"
"55.09215","0"
"55.097","0"
"55.10505263","0"
"55.11010526","0"
"55.11515789","0"
"55.12021053","0"
"55.12526316","0"
"55.13031579","0"
"55.13536842","0"
"55.14042105","0"
"55.14547368","0"
"55.15052632","0"
"55.15557895","0"
"55.16063158","0"
"55.16568421","0"
"55.17073684","0"
"55.17578947","0"
"55.18084211","0"
"55.18589474","0"
"55.19094737","0"
"55.196","0"
"55.2","0"
"55.2049","0"
"55.2098","0"
"55.2147","0"
"55.2196","0"
"55.2245","0"
"55.2294","0"
"55.2343","0"
"55.2392","0"
"55.2441","0"
"55.249","0"
"55.2539","0"
"55.2588","0"
"55.2637","0"
"55.2686","0"
"55.2735","0"
"55.2784","0"
"55.2833","0"
"55.2882","0"
"55.2931","0"
"55.298","0"
"55.3048","0"
"55.3096","0"
"55.3144","0"
"55.3192","0"
"55.324","0"
"55.3288","0"
"55.3336","0"
"55.3384","0"
"55.3432","0"
"55.348","0"
"55.3528","0"
"55.3576","0"
"55.3624","0"
"55.3672","0"
"55.372","0"
"55.3768","0"
"55.3816","0"
"55.3864","0"
"55.3912","0"
"55.396","0"
"55.4049","0"
"55.4098","0"
"55.4147","0"
"55.4196","0"
"55.4245","0"
"55.4294","0"
"55.4343","0"
"55.4392","0"
"55.4441","0"
"55.449","0"
"55.4539","0"
"55.4588","0"
"55.4637","0"
"55.4686","0"
"55.4735","0"
"55.4784","0"
"55.4833","0"
"55.4882","0"
"55.4931","0"
"55.498","0"
"55.50485","0"
"55.5097","0"
"55.51455","0"
"55.5194","0"
"55.52425","0"
"55.5291","0"
"55.53395","0"
"55.5388","0"
"55.54365","0"
"55.5485","0"
"55.55335","0"
"55.5582","0"
"55.56305","0"
"55.5679","0"
"55.57275","0"
"55.5776","0"
"55.58245","0"
"55.5873","0"
"55.59215","0"
"55.597","0"
"55.60495","0"
"55.6099","0"
"55.61485","0"
"55.6198","0"
"55.62475","0"
"55.6297","0"
"55.63465","0"
"55.6396","0"
"55.64455","0"
"55.6495","0"
"55.65445","0"
"55.6594","0"
"55.66435","0"
"55.6693","0"
"55.67425","0"
"55.6792","0"
"55.68415","0"
"55.6891","0"
"55.69405","0"
"55.699","0"
"55.7049","0"
"55.7098","0"
"55.7147","0"
"55.7196","0"
"55.7245","0"
"55.7294","0"
"55.7343","0"
"55.7392","0"
"55.7441","0"
"55.749","0"
"55.7539","0"
"55.7588","0"
"55.7637","0"
"55.7686","0"
"55.7735","0"
"55.7784","0"
"55.7833","0"
"55.7882","0"
"55.7931","0"
"55.798","0"
"55.80505263","0"
"55.81010526","0"
"55.81515789","0"
"55.82021053","0"
"55.82526316","0"
"55.83031579","0"
"55.83536842","0"
"55.84042105","0"
"55.84547368","0"
"55.85052632","0"
"55.85557895","0"
"55.86063158","0"
"55.86568421","0"
"55.87073684","0"
"55.87578947","0"
"55.88084211","0"
"55.88589474","0"
"55.89094737","0"
"55.896","0"
"55.9","0"
"55.90495","0"
"55.9099","0"
"55.91485","0"
"55.9198","0"
"55.92475","0"
"55.9297","0"
"55.93465","0"
"55.9396","0"
"55.94455","0"
"55.9495","0"
"55.95445","0"
"55.9594","0"
"55.96435","0"
"55.9693","0"
"55.97425","0"
"55.9792","0"
"55.98415","0"
"55.9891","0"
"55.99405","0"
"55.999","0"
"56.00510526","0"
"56.01021053","0"
"56.01531579","0"
"56.02042105","0"
"56.02552632","0"
"56.03063158","0"
"56.03573684","0"
"56.04084211","0"
"56.04594737","0"
"56.05105263","0"
"56.05615789","0"
"56.06126316","0"
"56.06636842","0"
"56.07147368","0"
"56.07657895","0"
"56.08168421","0"
"56.08678947","0"
"56.09189474","0"
"56.097","0"
"56.1","0"
"56.10495","0"
"56.1099","0"
"56.11485","0"
"56.1198","0"
"56.12475","0"
"56.1297","0"
"56.13465","0"
"56.1396","0"
"56.14455","0"
"56.1495","0"
"56.15445","0"
"56.1594","0"
"56.16435","0"
"56.1693","0"
"56.17425","0"
"56.1792","0"
"56.18415","0"
"56.1891","0"
"56.19405","0"
"56.199","0"
"56.20510526","0"
"56.21021053","0"
"56.21531579","0"
"56.22042105","0"
"56.22552632","0"
"56.23063158","0"
"56.23573684","0"
"56.24084211","0"
"56.24594737","0"
"56.25105263","0"
"56.25615789","0"
"56.26126316","0"
"56.26636842","0"
"56.27147368","0"
"56.27657895","0"
"56.28168421","0"
"56.28678947","0"
"56.29189474","0"
"56.297","0"
"56.30463158","0"
"56.30926316","0"
"56.31389474","0"
"56.31852632","0"
"56.32315789","0"
"56.32778947","0"
"56.33242105","0"
"56.33705263","0"
"56.34168421","0"
"56.34631579","0"
"56.35094737","0"
"56.35557895","0"
"56.36021053","0"
"56.36484211","0"
"56.36947368","0"
"56.37410526","0"
"56.37873684","0"
"56.38336842","0"
"56.388","0"
"56.4","0"
"56.4","0"
"56.40515789","0"
"56.41031579","0"
"56.41547368","0"
"56.42063158","0"
"56.42578947","0"
"56.43094737","0"
"56.43610526","0"
"56.44126316","0"
"56.44642105","0"
"56.45157895","0"
"56.45673684","0"
"56.46189474","0"
"56.46705263","0"
"56.47221053","0"
"56.47736842","0"
"56.48252632","0"
"56.48768421","0"
"56.49284211","0"
"56.498","0"
"56.50484211","0"
"56.50968421","0"
"56.51452632","0"
"56.51936842","0"
"56.52421053","0"
"56.52905263","0"
"56.53389474","0"
"56.53873684","0"
"56.54357895","0"
"56.54842105","0"
"56.55326316","0"
"56.55810526","0"
"56.56294737","0"
"56.56778947","0"
"56.57263158","0"
"56.57747368","0"
"56.58231579","0"
"56.58715789","0"
"56.592","0"
"56.6045","0"
"56.609","0"
"56.6135","0"
"56.618","0"
"56.6225","0"
"56.627","0"
"56.6315","0"
"56.636","0"
"56.6405","0"
"56.645","0"
"56.6495","0"
"56.654","0"
"56.6585","0"
"56.663","0"
"56.6675","0"
"56.672","0"
"56.6765","0"
"56.681","0"
"56.6855","0"
"56.69","0"
"56.6945","0"
"56.699","0"
"56.70516667","0"
"56.71033333","0"
"56.7155","0"
"56.72066667","0"
"56.72583333","0"
"56.731","0"
"56.73616667","0"
"56.74133333","0"
"56.7465","0"
"56.75166667","0"
"56.75683333","0"
"56.762","0"
"56.76716667","0"
"56.77233333","0"
"56.7775","0"
"56.78266667","0"
"56.78783333","0"
"56.793","0"
"56.8046","0"
"56.8092","0"
"56.8138","0"
"56.8184","0"
"56.823","0"
"56.8276","0"
"56.8322","0"
"56.8368","0"
"56.8414","0"
"56.846","0"
"56.8506","0"
"56.8552","0"
"56.8598","0"
"56.8644","0"
"56.869","0"
"56.8736","0"
"56.8782","0"
"56.8828","0"
"56.8874","0"
"56.892","0"
"56.9","0"
"56.9","0"
"56.905","0"
"56.91","0"
"56.915","0"
"56.92","0"
"56.925","0"
"56.93","0"
"56.935","0"
"56.94","0"
"56.945","0"
"56.95","0"
"56.955","0"
"56.96","0"
"56.965","0"
"56.97","0"
"56.975","0"
"56.98","0"
"56.985","0"
"56.99","0"
"57.0046","0"
"57.0092","0"
"57.0138","0"
"57.0184","0"
"57.023","0"
"57.0276","0"
"57.0322","0"
"57.0368","0"
"57.0414","0"
"57.046","0"
"57.0506","0"
"57.0552","0"
"57.0598","0"
"57.0644","0"
"57.069","0"
"57.0736","0"
"57.0782","0"
"57.0828","0"
"57.0874","0"
"57.092","0"
"57.1","0"
"57.1","0"
"57.10505556","0"
"57.11011111","0"
"57.11516667","0"
"57.12022222","0"
"57.12527778","0"
"57.13033333","0"
"57.13538889","0"
"57.14044444","0"
"57.1455","0"
"57.15055556","0"
"57.15561111","0"
"57.16066667","0"
"57.16572222","0"
"57.17077778","0"
"57.17583333","0"
"57.18088889","0"
"57.18594444","0"
"57.191","0"
"57.20465","0"
"57.2093","0"
"57.21395","0"
"57.2186","0"
"57.22325","0"
"57.2279","0"
"57.23255","0"
"57.2372","0"
"57.24185","0"
"57.2465","0"
"57.25115","0"
"57.2558","0"
"57.26045","0"
"57.2651","0"
"57.26975","0"
"57.2744","0"
"57.27905","0"
"57.2837","0"
"57.28835","0"
"57.293","0"
"57.30471429","0"
"57.30942857","0"
"57.31414286","0"
"57.31885714","0"
"57.32357143","0"
"57.32828571","0"
"57.333","0"
"57.33771429","0"
"57.34242857","0"
"57.34714286","0"
"57.35185714","0"
"57.35657143","0"
"57.36128571","0"
"57.366","0"
"57.37071429","0"
"57.37542857","0"
"57.38014286","0"
"57.38485714","0"
"57.38957143","0"
"57.39428571","0"
"57.399","0"
"57.40489474","0"
"57.40978947","0"
"57.41468421","0"
"57.41957895","0"
"57.42447368","0"
"57.42936842","0"
"57.43426316","0"
"57.43915789","0"
"57.44405263","0"
"57.44894737","0"
"57.45384211","0"
"57.45873684","0"
"57.46363158","0"
"57.46852632","0"
"57.47342105","0"
"57.47831579","0"
"57.48321053","0"
"57.48810526","0"
"57.493","0"
"57.5046","0"
"57.5092","0"
"57.5138","0"
"57.5184","0"
"57.523","0"
"57.5276","0"
"57.5322","0"
"57.5368","0"
"57.5414","0"
"57.546","0"
"57.5506","0"
"57.5552","0"
"57.5598","0"
"57.5644","0"
"57.569","0"
"57.5736","0"
"57.5782","0"
"57.5828","0"
"57.5874","0"
"57.592","0"
"57.6","0"
"57.60494737","0"
"57.60989474","0"
"57.61484211","0"
"57.61978947","0"
"57.62473684","0"
"57.62968421","0"
"57.63463158","0"
"57.63957895","0"
"57.64452632","0"
"57.64947368","0"
"57.65442105","0"
"57.65936842","0"
"57.66431579","0"
"57.66926316","0"
"57.67421053","0"
"57.67915789","0"
"57.68410526","0"
"57.68905263","0"
"57.694","0"
"57.70465","0"
"57.7093","0"
"57.71395","0"
"57.7186","0"
"57.72325","0"
"57.7279","0"
"57.73255","0"
"57.7372","0"
"57.74185","0"
"57.7465","0"
"57.75115","0"
"57.7558","0"
"57.76045","0"
"57.7651","0"
"57.76975","0"
"57.7744","0"
"57.77905","0"
"57.7837","0"
"57.78835","0"
"57.793","0"
"57.80475","0"
"57.8095","0"
"57.81425","0"
"57.819","0"
"57.82375","0"
"57.8285","0"
"57.83325","0"
"57.838","0"
"57.84275","0"
"57.8475","0"
"57.85225","0"
"57.857","0"
"57.86175","0"
"57.8665","0"
"57.87125","0"
"57.876","0"
"57.88075","0"
"57.8855","0"
"57.89025","0"
"57.895","0"
"57.90465","0"
"57.9093","0"
"57.91395","0"
"57.9186","0"
"57.92325","0"
"57.9279","0"
"57.93255","0"
"57.9372","0"
"57.94185","0"
"57.9465","0"
"57.95115","0"
"57.9558","0"
"57.96045","0"
"57.9651","0"
"57.96975","0"
"57.9744","0"
"57.97905","0"
"57.9837","0"
"57.98835","0"
"57.993","0"
"58.00475","0"
"58.0095","0"
"58.01425","0"
"58.019","0"
"58.02375","0"
"58.0285","0"
"58.03325","0"
"58.038","0"
"58.04275","0"
"58.0475","0"
"58.05225","0"
"58.057","0"
"58.06175","0"
"58.0665","0"
"58.07125","0"
"58.076","0"
"58.08075","0"
"58.0855","0"
"58.09025","0"
"58.095","0"
"58.1","0"
"58.1","0"
"58.10522222","0"
"58.11044444","0"
"58.11566667","0"
"58.12088889","0"
"58.12611111","0"
"58.13133333","0"
"58.13655556","0"
"58.14177778","0"
"58.147","0"
"58.15222222","0"
"58.15744444","0"
"58.16266667","0"
"58.16788889","0"
"58.17311111","0"
"58.17833333","0"
"58.18355556","0"
"58.18877778","0"
"58.194","0"
"58.20465","0"
"58.2093","0"
"58.21395","0"
"58.2186","0"
"58.22325","0"
"58.2279","0"
"58.23255","0"
"58.2372","0"
"58.24185","0"
"58.2465","0"
"58.25115","0"
"58.2558","0"
"58.26045","0"
"58.2651","0"
"58.26975","0"
"58.2744","0"
"58.27905","0"
"58.2837","0"
"58.28835","0"
"58.293","0"
"58.3","0"
"58.3","0"
"58.30495","0"
"58.3099","0"
"58.31485","0"
"58.3198","0"
"58.32475","0"
"58.3297","0"
"58.33465","0"
"58.3396","0"
"58.34455","0"
"58.3495","0"
"58.35445","0"
"58.3594","0"
"58.36435","0"
"58.3693","0"
"58.37425","0"
"58.3792","0"
"58.38415","0"
"58.3891","0"
"58.39405","0"
"58.399","0"
"58.40510526","0"
"58.41021053","0"
"58.41531579","0"
"58.42042105","0"
"58.42552632","0"
"58.43063158","0"
"58.43573684","0"
"58.44084211","0"
"58.44594737","0"
"58.45105263","0"
"58.45615789","0"
"58.46126316","0"
"58.46636842","0"
"58.47147368","0"
"58.47657895","0"
"58.48168421","0"
"58.48678947","0"
"58.49189474","0"
"58.497","0"
"58.50495","0"
"58.5099","0"
"58.51485","0"
"58.5198","0"
"58.52475","0"
"58.5297","0"
"58.53465","0"
"58.5396","0"
"58.54455","0"
"58.5495","0"
"58.55445","0"
"58.5594","0"
"58.56435","0"
"58.5693","0"
"58.57425","0"
"58.5792","0"
"58.58415","0"
"58.5891","0"
"58.59405","0"
"58.599","0"
"58.6","0"
"58.6049","0"
"58.6098","0"
"58.6147","0"
"58.6196","0"
"58.6245","0"
"58.6294","0"
"58.6343","0"
"58.6392","0"
"58.6441","0"
"58.649","0"
"58.6539","0"
"58.6588","0"
"58.6637","0"
"58.6686","0"
"58.6735","0"
"58.6784","0"
"58.6833","0"
"58.6882","0"
"58.6931","0"
"58.698","0"
"58.70505263","0"
"58.71010526","0"
"58.71515789","0"
"58.72021053","0"
"58.72526316","0"
"58.73031579","0"
"58.73536842","0"
"58.74042105","0"
"58.74547368","0"
"58.75052632","0"
"58.75557895","0"
"58.76063158","0"
"58.76568421","0"
"58.77073684","0"
"58.77578947","0"
"58.78084211","0"
"58.78589474","0"
"58.79094737","0"
"58.796","0"
"58.8","0"
"58.80495","0"
"58.8099","0"
"58.81485","0"
"58.8198","0"
"58.82475","0"
"58.8297","0"
"58.83465","0"
"58.8396","0"
"58.84455","0"
"58.8495","0"
"58.85445","0"
"58.8594","0"
"58.86435","0"
"58.8693","0"
"58.87425","0"
"58.8792","0"
"58.88415","0"
"58.8891","0"
"58.89405","0"
"58.899","0"
"58.90510526","0"
"58.91021053","0"
"58.91531579","0"
"58.92042105","0"
"58.92552632","0"
"58.93063158","0"
"58.93573684","0"
"58.94084211","0"
"58.94594737","0"
"58.95105263","0"
"58.95615789","0"
"58.96126316","0"
"58.96636842","0"
"58.97147368","0"
"58.97657895","0"
"58.98168421","0"
"58.98678947","0"
"58.99189474","0"
"58.997","0"
"59.00471429","0"
"59.00942857","0"
"59.01414286","0"
"59.01885714","0"
"59.02357143","0"
"59.02828571","0"
"59.033","0"
"59.03771429","0"
"59.04242857","0"
"59.04714286","0"
"59.05185714","0"
"59.05657143","0"
"59.06128571","0"
"59.066","0"
"59.07071429","0"
"59.07542857","0"
"59.08014286","0"
"59.08485714","0"
"59.08957143","0"
"59.09428571","0"
"59.099","0"
"59.10510526","0"
"59.11021053","0"
"59.11531579","0"
"59.12042105","0"
"59.12552632","0"
"59.13063158","0"
"59.13573684","0"
"59.14084211","0"
"59.14594737","0"
"59.15105263","0"
"59.15615789","0"
"59.16126316","0"
"59.16636842","0"
"59.17147368","0"
"59.17657895","0"
"59.18168421","0"
"59.18678947","0"
"59.19189474","0"
"59.197","0"
"59.20463158","0"
"59.20926316","0"
"59.21389474","0"
"59.21852632","0"
"59.22315789","0"
"59.22778947","0"
"59.23242105","0"
"59.23705263","0"
"59.24168421","0"
"59.24631579","0"
"59.25094737","0"
"59.25557895","0"
"59.26021053","0"
"59.26484211","0"
"59.26947368","0"
"59.27410526","0"
"59.27873684","0"
"59.28336842","0"
"59.288","0"
"59.3","0"
"59.3","0"
"59.3049","0"
"59.3098","0"
"59.3147","0"
"59.3196","0"
"59.3245","0"
"59.3294","0"
"59.3343","0"
"59.3392","0"
"59.3441","0"
"59.349","0"
"59.3539","0"
"59.3588","0"
"59.3637","0"
"59.3686","0"
"59.3735","0"
"59.3784","0"
"59.3833","0"
"59.3882","0"
"59.3931","0"
"59.398","0"
"59.40488889","0"
"59.40977778","0"
"59.41466667","0"
"59.41955556","0"
"59.42444444","0"
"59.42933333","0"
"59.43422222","0"
"59.43911111","0"
"59.444","0"
"59.44888889","0"
"59.45377778","0"
"59.45866667","0"
"59.46355556","0"
"59.46844444","0"
"59.47333333","0"
"59.47822222","0"
"59.48311111","0"
"59.488","0"
"59.5","0"
"59.5","0"
"59.50495","0"
"59.5099","0"
"59.51485","0"
"59.5198","0"
"59.52475","0"
"59.5297","0"
"59.53465","0"
"59.5396","0"
"59.54455","0"
"59.5495","0"
"59.55445","0"
"59.5594","0"
"59.56435","0"
"59.5693","0"
"59.57425","0"
"59.5792","0"
"59.58415","0"
"59.5891","0"
"59.59405","0"
"59.599","0"
"59.60510526","0"
"59.61021053","0"
"59.61531579","0"
"59.62042105","0"
"59.62552632","0"
"59.63063158","0"
"59.63573684","0"
"59.64084211","0"
"59.64594737","0"
"59.65105263","0"
"59.65615789","0"
"59.66126316","0"
"59.66636842","0"
"59.67147368","0"
"59.67657895","0"
"59.68168421","0"
"59.68678947","0"
"59.69189474","0"
"59.697","0"
"59.70478947","0"
"59.70957895","0"
"59.71436842","0"
"59.71915789","0"
"59.72394737","0"
"59.72873684","0"
"59.73352632","0"
"59.73831579","0"
"59.74310526","0"
"59.74789474","0"
"59.75268421","0"
"59.75747368","0"
"59.76226316","0"
"59.76705263","0"
"59.77184211","0"
"59.77663158","0"
"59.78142105","0"
"59.78621053","0"
"59.791","0"
"59.8","0"
"59.8","0"
"59.80515789","0"
"59.81031579","0"
"59.81547368","0"
"59.82063158","0"
"59.82578947","0"
"59.83094737","0"
"59.83610526","0"
"59.84126316","0"
"59.84642105","0"
"59.85157895","0"
"59.85673684","0"
"59.86189474","0"
"59.86705263","0"
"59.87221053","0"
"59.87736842","0"
"59.88252632","0"
"59.88768421","0"
"59.89284211","0"
"59.898","0"
"59.90484211","0"
"59.90968421","0"
"59.91452632","0"
"59.91936842","0"
"59.92421053","0"
"59.92905263","0"
"59.93389474","0"
"59.93873684","0"
"59.94357895","0"
"59.94842105","0"
"59.95326316","0"
"59.95810526","0"
"59.96294737","0"
"59.96778947","0"
"59.97263158","0"
"59.97747368","0"
"59.98231579","0"
"59.98715789","0"
"59.992","0"
"60","0"
"60.0049","0"
"60.0098","0"
"60.0147","0"
"60.0196","0"
"60.0245","0"
"60.0294","0"
"60.0343","0"
"60.0392","0"
"60.0441","0"
"60.049","0"
"60.0539","0"
"60.0588","0"
"60.0637","0"
"60.0686","0"
"60.0735","0"
"60.0784","0"
"60.0833","0"
"60.0882","0"
"60.0931","0"
"60.098","0"
"60.10489474","0"
"60.10978947","0"
"60.11468421","0"
"60.11957895","0"
"60.12447368","0"
"60.12936842","0"
"60.13426316","0"
"60.13915789","0"
"60.14405263","0"
"60.14894737","0"
"60.15384211","0"
"60.15873684","0"
"60.16363158","0"
"60.16852632","0"
"60.17342105","0"
"60.17831579","0"
"60.18321053","0"
"60.18810526","0"
"60.193","0"
"60.20471429","0"
"60.20942857","0"
"60.21414286","0"
"60.21885714","0"
"60.22357143","0"
"60.22828571","0"
"60.233","0"
"60.23771429","0"
"60.24242857","0"
"60.24714286","0"
"60.25185714","0"
"60.25657143","0"
"60.26128571","0"
"60.266","0"
"60.27071429","0"
"60.27542857","0"
"60.28014286","0"
"60.28485714","0"
"60.28957143","0"
"60.29428571","0"
"60.299","0"
"60.30484211","0"
"60.30968421","0"
"60.31452632","0"
"60.31936842","0"
"60.32421053","0"
"60.32905263","0"
"60.33389474","0"
"60.33873684","0"
"60.34357895","0"
"60.34842105","0"
"60.35326316","0"
"60.35810526","0"
"60.36294737","0"
"60.36778947","0"
"60.37263158","0"
"60.37747368","0"
"60.38231579","0"
"60.38715789","0"
"60.392","0"
"60.4","0"
"60.40495","0"
"60.4099","0"
"60.41485","0"
"60.4198","0"
"60.42475","0"
"60.4297","0"
"60.43465","0"
"60.4396","0"
"60.44455","0"
"60.4495","0"
"60.45445","0"
"60.4594","0"
"60.46435","0"
"60.4693","0"
"60.47425","0"
"60.4792","0"
"60.48415","0"
"60.4891","0"
"60.49405","0"
"60.499","0"
"60.50489474","0"
"60.50978947","0"
"60.51468421","0"
"60.51957895","0"
"60.52447368","0"
"60.52936842","0"
"60.53426316","0"
"60.53915789","0"
"60.54405263","0"
"60.54894737","0"
"60.55384211","0"
"60.55873684","0"
"60.56363158","0"
"60.56852632","0"
"60.57342105","0"
"60.57831579","0"
"60.58321053","0"
"60.58810526","0"
"60.593","0"
"60.60455","0"
"60.6091","0"
"60.61365","0"
"60.6182","0"
"60.62275","0"
"60.6273","0"
"60.63185","0"
"60.6364","0"
"60.64095","0"
"60.6455","0"
"60.65005","0"
"60.6546","0"
"60.65915","0"
"60.6637","0"
"60.66825","0"
"60.6728","0"
"60.67735","0"
"60.6819","0"
"60.68645","0"
"60.691","0"
"60.7","0"
"60.70473684","0"
"60.70947368","0"
"60.71421053","0"
"60.71894737","0"
"60.72368421","0"
"60.72842105","0"
"60.73315789","0"
"60.73789474","0"
"60.74263158","0"
"60.74736842","0"
"60.75210526","0"
"60.75684211","0"
"60.76157895","0"
"60.76631579","0"
"60.77105263","0"
"60.77578947","0"
"60.78052632","0"
"60.78526316","0"
"60.79","0"
"60.8046","0"
"60.8092","0"
"60.8138","0"
"60.8184","0"
"60.823","0"
"60.8276","0"
"60.8322","0"
"60.8368","0"
"60.8414","0"
"60.846","0"
"60.8506","0"
"60.8552","0"
"60.8598","0"
"60.8644","0"
"60.869","0"
"60.8736","0"
"60.8782","0"
"60.8828","0"
"60.8874","0"
"60.892","0"
"60.9","0"
"60.90478947","0"
"60.90957895","0"
"60.91436842","0"
"60.91915789","0"
"60.92394737","0"
"60.92873684","0"
"60.93352632","0"
"60.93831579","0"
"60.94310526","0"
"60.94789474","0"
"60.95268421","0"
"60.95747368","0"
"60.96226316","0"
"60.96705263","0"
"60.97184211","0"
"60.97663158","0"
"60.98142105","0"
"60.98621053","0"
"60.991","0"
"61.00465","0"
"61.0093","0"
"61.01395","0"
"61.0186","0"
"61.02325","0"
"61.0279","0"
"61.03255","0"
"61.0372","0"
"61.04185","0"
"61.0465","0"
"61.05115","0"
"61.0558","0"
"61.06045","0"
"61.0651","0"
"61.06975","0"
"61.0744","0"
"61.07905","0"
"61.0837","0"
"61.08835","0"
"61.093","0"
"61.10455","0"
"61.1091","0"
"61.11365","0"
"61.1182","0"
"61.12275","0"
"61.1273","0"
"61.13185","0"
"61.1364","0"
"61.14095","0"
"61.1455","0"
"61.15005","0"
"61.1546","0"
"61.15915","0"
"61.1637","0"
"61.16825","0"
"61.1728","0"
"61.17735","0"
"61.1819","0"
"61.18645","0"
"61.191","0"
"61.2045","0"
"61.209","0"
"61.2135","0"
"61.218","0"
"61.2225","0"
"61.227","0"
"61.2315","0"
"61.236","0"
"61.2405","0"
"61.245","0"
"61.2495","0"
"61.254","0"
"61.2585","0"
"61.263","0"
"61.2675","0"
"61.272","0"
"61.2765","0"
"61.281","0"
"61.2855","0"
"61.29","0"
"61.3046","0"
"61.3092","0"
"61.3138","0"
"61.3184","0"
"61.323","0"
"61.3276","0"
"61.3322","0"
"61.3368","0"
"61.3414","0"
"61.346","0"
"61.3506","0"
"61.3552","0"
"61.3598","0"
"61.3644","0"
"61.369","0"
"61.3736","0"
"61.3782","0"
"61.3828","0"
"61.3874","0"
"61.392","0"
"61.40455","0"
"61.4091","0"
"61.41365","0"
"61.4182","0"
"61.42275","0"
"61.4273","0"
"61.43185","0"
"61.4364","0"
"61.44095","0"
"61.4455","0"
"61.45005","0"
"61.4546","0"
"61.45915","0"
"61.4637","0"
"61.46825","0"
"61.4728","0"
"61.47735","0"
"61.4819","0"
"61.48645","0"
"61.491","0"
"61.50465","0"
"61.5093","0"
"61.51395","0"
"61.5186","0"
"61.52325","0"
"61.5279","0"
"61.53255","0"
"61.5372","0"
"61.54185","0"
"61.5465","0"
"61.55115","0"
"61.5558","0"
"61.56045","0"
"61.5651","0"
"61.56975","0"
"61.5744","0"
"61.57905","0"
"61.5837","0"
"61.58835","0"
"61.593","0"
"61.60455","0"
"61.6091","0"
"61.61365","0"
"61.6182","0"
"61.62275","0"
"61.6273","0"
"61.63185","0"
"61.6364","0"
"61.64095","0"
"61.6455","0"
"61.65005","0"
"61.6546","0"
"61.65915","0"
"61.6637","0"
"61.66825","0"
"61.6728","0"
"61.67735","0"
"61.6819","0"
"61.68645","0"
"61.691","0"
"61.70445","0"
"61.7089","0"
"61.71335","0"
"61.7178","0"
"61.72225","0"
"61.7267","0"
"61.73115","0"
"61.7356","0"
"61.74005","0"
"61.7445","0"
"61.74895","0"
"61.7534","0"
"61.75785","0"
"61.7623","0"
"61.76675","0"
"61.7712","0"
"61.77565","0"
"61.7801","0"
"61.78455","0"
"61.789","0"
"61.80455","0"
"61.8091","0"
"61.81365","0"
"61.8182","0"
"61.82275","0"
"61.8273","0"
"61.83185","0"
"61.8364","0"
"61.84095","0"
"61.8455","0"
"61.85005","0"
"61.8546","0"
"61.85915","0"
"61.8637","0"
"61.86825","0"
"61.8728","0"
"61.87735","0"
"61.8819","0"
"61.88645","0"
"61.891","0"
"61.9","0"
"61.9","0"
"61.9049","0"
"61.9098","0"
"61.9147","0"
"61.9196","0"
"61.9245","0"
"61.9294","0"
"61.9343","0"
"61.9392","0"
"61.9441","0"
"61.949","0"
"61.9539","0"
"61.9588","0"
"61.9637","0"
"61.9686","0"
"61.9735","0"
"61.9784","0"
"61.9833","0"
"61.9882","0"
"61.9931","0"
"61.998","0"
"62.00505263","0"
"62.01010526","0"
"62.01515789","0"
"62.02021053","0"
"62.02526316","0"
"62.03031579","0"
"62.03536842","0"
"62.04042105","0"
"62.04547368","0"
"62.05052632","0"
"62.05557895","0"
"62.06063158","0"
"62.06568421","0"
"62.07073684","0"
"62.07578947","0"
"62.08084211","0"
"62.08589474","0"
"62.09094737","0"
"62.096","0"
"62.1","0"
"62.10495","0"
"62.1099","0"
"62.11485","0"
"62.1198","0"
"62.12475","0"
"62.1297","0"
"62.13465","0"
"62.1396","0"
"62.14455","0"
"62.1495","0"
"62.15445","0"
"62.1594","0"
"62.16435","0"
"62.1693","0"
"62.17425","0"
"62.1792","0"
"62.18415","0"
"62.1891","0"
"62.19405","0"
"62.199","0"
"62.20510526","0"
"62.21021053","0"
"62.21531579","0"
"62.22042105","0"
"62.22552632","0"
"62.23063158","0"
"62.23573684","0"
"62.24084211","0"
"62.24594737","0"
"62.25105263","0"
"62.25615789","0"
"62.26126316","0"
"62.26636842","0"
"62.27147368","0"
"62.27657895","0"
"62.28168421","0"
"62.28678947","0"
"62.29189474","0"
"62.297","0"
"62.30478947","0"
"62.30957895","0"
"62.31436842","0"
"62.31915789","0"
"62.32394737","0"
"62.32873684","0"
"62.33352632","0"
"62.33831579","0"
"62.34310526","0"
"62.34789474","0"
"62.35268421","0"
"62.35747368","0"
"62.36226316","0"
"62.36705263","0"
"62.37184211","0"
"62.37663158","0"
"62.38142105","0"
"62.38621053","0"
"62.391","0"
"62.4","0"
"62.4","0"
"62.40515789","0"
"62.41031579","0"
"62.41547368","0"
"62.42063158","0"
"62.42578947","0"
"62.43094737","0"
"62.43610526","0"
"62.44126316","0"
"62.44642105","0"
"62.45157895","0"
"62.45673684","0"
"62.46189474","0"
"62.46705263","0"
"62.47221053","0"
"62.47736842","0"
"62.48252632","0"
"62.48768421","0"
"62.49284211","0"
"62.498","0"
"62.50463158","0"
"62.50926316","0"
"62.51389474","0"
"62.51852632","0"
"62.52315789","0"
"62.52778947","0"
"62.53242105","0"
"62.53705263","0"
"62.54168421","0"
"62.54631579","0"
"62.55094737","0"
"62.55557895","0"
"62.56021053","0"
"62.56484211","0"
"62.56947368","0"
"62.57410526","0"
"62.57873684","0"
"62.58336842","0"
"62.588","0"
"62.6","0"
"62.6","0"
"62.60495","0"
"62.6099","0"
"62.61485","0"
"62.6198","0"
"62.62475","0"
"62.6297","0"
"62.63465","0"
"62.6396","0"
"62.64455","0"
"62.6495","0"
"62.65445","0"
"62.6594","0"
"62.66435","0"
"62.6693","0"
"62.67425","0"
"62.6792","0"
"62.68415","0"
"62.6891","0"
"62.69405","0"
"62.699","0"
"62.70510526","0"
"62.71021053","0"
"62.71531579","0"
"62.72042105","0"
"62.72552632","0"
"62.73063158","0"
"62.73573684","0"
"62.74084211","0"
"62.74594737","0"
"62.75105263","0"
"62.75615789","0"
"62.76126316","0"
"62.76636842","0"
"62.77147368","0"
"62.77657895","0"
"62.78168421","0"
"62.78678947","0"
"62.79189474","0"
"62.797","0"
"62.80495","0"
"62.8099","0"
"62.81485","0"
"62.8198","0"
"62.82475","0"
"62.8297","0"
"62.83465","0"
"62.8396","0"
"62.84455","0"
"62.8495","0"
"62.85445","0"
"62.8594","0"
"62.86435","0"
"62.8693","0"
"62.87425","0"
"62.8792","0"
"62.88415","0"
"62.8891","0"
"62.89405","0"
"62.899","0"
"62.9","0"
"62.90510526","0"
"62.91021053","0"
"62.91531579","0"
"62.92042105","0"
"62.92552632","0"
"62.93063158","0"
"62.93573684","0"
"62.94084211","0"
"62.94594737","0"
"62.95105263","0"
"62.95615789","0"
"62.96126316","0"
"62.96636842","0"
"62.97147368","0"
"62.97657895","0"
"62.98168421","0"
"62.98678947","0"
"62.99189474","0"
"62.997","0"
"63.00478947","0"
"63.00957895","0"
"63.01436842","0"
"63.01915789","0"
"63.02394737","0"
"63.02873684","0"
"63.03352632","0"
"63.03831579","0"
"63.04310526","0"
"63.04789474","0"
"63.05268421","0"
"63.05747368","0"
"63.06226316","0"
"63.06705263","0"
"63.07184211","0"
"63.07663158","0"
"63.08142105","0"
"63.08621053","0"
"63.091","0"
"63.1","0"
"63.1","0"
"63.10515789","0"
"63.11031579","0"
"63.11547368","0"
"63.12063158","0"
"63.12578947","0"
"63.13094737","0"
"63.13610526","0"
"63.14126316","0"
"63.14642105","0"
"63.15157895","0"
"63.15673684","0"
"63.16189474","0"
"63.16705263","0"
"63.17221053","0"
"63.17736842","0"
"63.18252632","0"
"63.18768421","0"
"63.19284211","0"
"63.198","0"
"63.20484211","0"
"63.20968421","0"
"63.21452632","0"
"63.21936842","0"
"63.22421053","0"
"63.22905263","0"
"63.23389474","0"
"63.23873684","0"
"63.24357895","0"
"63.24842105","0"
"63.25326316","0"
"63.25810526","0"
"63.26294737","0"
"63.26778947","0"
"63.27263158","0"
"63.27747368","0"
"63.28231579","0"
"63.28715789","0"
"63.292","0"
"63.30471429","0"
"63.30942857","0"
"63.31414286","0"
"63.31885714","0"
"63.32357143","0"
"63.32828571","0"
"63.333","0"
"63.33771429","0"
"63.34242857","0"
"63.34714286","0"
"63.35185714","0"
"63.35657143","0"
"63.36128571","0"
"63.366","0"
"63.37071429","0"
"63.37542857","0"
"63.38014286","0"
"63.38485714","0"
"63.38957143","0"
"63.39428571","0"
"63.399","0"
"63.40489474","0"
"63.40978947","0"
"63.41468421","0"
"63.41957895","0"
"63.42447368","0"
"63.42936842","0"
"63.43426316","0"
"63.43915789","0"
"63.44405263","0"
"63.44894737","0"
"63.45384211","0"
"63.45873684","0"
"63.46363158","0"
"63.46852632","0"
"63.47342105","0"
"63.47831579","0"
"63.48321053","0"
"63.48810526","0"
"63.493","0"
"63.5046","0"
"63.5092","0"
"63.5138","0"
"63.5184","0"
"63.523","0"
"63.5276","0"
"63.5322","0"
"63.5368","0"
"63.5414","0"
"63.546","0"
"63.5506","0"
"63.5552","0"
"63.5598","0"
"63.5644","0"
"63.569","0"
"63.5736","0"
"63.5782","0"
"63.5828","0"
"63.5874","0"
"63.592","0"
"63.6","0"
"63.60494737","0"
"63.60989474","0"
"63.61484211","0"
"63.61978947","0"
"63.62473684","0"
"63.62968421","0"
"63.63463158","0"
"63.63957895","0"
"63.64452632","0"
"63.64947368","0"
"63.65442105","0"
"63.65936842","0"
"63.66431579","0"
"63.66926316","0"
"63.67421053","0"
"63.67915789","0"
"63.68410526","0"
"63.68905263","0"
"63.694","0"
"63.7046","0"
"63.7092","0"
"63.7138","0"
"63.7184","0"
"63.723","0"
"63.7276","0"
"63.7322","0"
"63.7368","0"
"63.7414","0"
"63.746","0"
"63.7506","0"
"63.7552","0"
"63.7598","0"
"63.7644","0"
"63.769","0"
"63.7736","0"
"63.7782","0"
"63.7828","0"
"63.7874","0"
"63.792","0"
"63.8","0"
"63.80494737","0"
"63.80989474","0"
"63.81484211","0"
"63.81978947","0"
"63.82473684","0"
"63.82968421","0"
"63.83463158","0"
"63.83957895","0"
"63.84452632","0"
"63.84947368","0"
"63.85442105","0"
"63.85936842","0"
"63.86431579","0"
"63.86926316","0"
"63.87421053","0"
"63.87915789","0"
"63.88410526","0"
"63.88905263","0"
"63.894","0"
"63.90465","0"
"63.9093","0"
"63.91395","0"
"63.9186","0"
"63.92325","0"
"63.9279","0"
"63.93255","0"
"63.9372","0"
"63.94185","0"
"63.9465","0"
"63.95115","0"
"63.9558","0"
"63.96045","0"
"63.9651","0"
"63.96975","0"
"63.9744","0"
"63.97905","0"
"63.9837","0"
"63.98835","0"
"63.993","0"
"64.00471429","0"
"64.00942857","0"
"64.01414286","0"
"64.01885714","0"
"64.02357143","0"
"64.02828571","0"
"64.033","0"
"64.03771429","0"
"64.04242857","0"
"64.04714286","0"
"64.05185714","0"
"64.05657143","0"
"64.06128571","0"
"64.066","0"
"64.07071429","0"
"64.07542857","0"
"64.08014286","0"
"64.08485714","0"
"64.08957143","0"
"64.09428571","0"
"64.099","0"
"64.10494737","0"
"64.10989474","0"
"64.11484211","0"
"64.11978947","0"
"64.12473684","0"
"64.12968421","0"
"64.13463158","0"
"64.13957895","0"
"64.14452632","0"
"64.14947368","0"
"64.15442105","0"
"64.15936842","0"
"64.16431579","0"
"64.16926316","0"
"64.17421053","0"
"64.17915789","0"
"64.18410526","0"
"64.18905263","0"
"64.194","0"
"64.2048","0"
"64.2096","0"
"64.2144","0"
"64.2192","0"
"64.224","0"
"64.2288","0"
"64.2336","0"
"64.2384","0"
"64.2432","0"
"64.248","0"
"64.2528","0"
"64.2576","0"
"64.2624","0"
"64.2672","0"
"64.272","0"
"64.2768","0"
"64.2816","0"
"64.2864","0"
"64.2912","0"
"64.296","0"
"64.3","0"
"64.3","0"
"64.30522222","0"
"64.31044444","0"
"64.31566667","0"
"64.32088889","0"
"64.32611111","0"
"64.33133333","0"
"64.33655556","0"
"64.34177778","0"
"64.347","0"
"64.35222222","0"
"64.35744444","0"
"64.36266667","0"
"64.36788889","0"
"64.37311111","0"
"64.37833333","0"
"64.38355556","0"
"64.38877778","0"
"64.394","0"
"64.40485","0"
"64.4097","0"
"64.41455","0"
"64.4194","0"
"64.42425","0"
"64.4291","0"
"64.43395","0"
"64.4388","0"
"64.44365","0"
"64.4485","0"
"64.45335","0"
"64.4582","0"
"64.46305","0"
"64.4679","0"
"64.47275","0"
"64.4776","0"
"64.48245","0"
"64.4873","0"
"64.49215","0"
"64.497","0"
"64.50471429","0"
"64.50942857","0"
"64.51414286","0"
"64.51885714","0"
"64.52357143","0"
"64.52828571","0"
"64.533","0"
"64.53771429","0"
"64.54242857","0"
"64.54714286","0"
"64.55185714","0"
"64.55657143","0"
"64.56128571","0"
"64.566","0"
"64.57071429","0"
"64.57542857","0"
"64.58014286","0"
"64.58485714","0"
"64.58957143","0"
"64.59428571","0"
"64.599","0"
"64.60510526","0"
"64.61021053","0"
"64.61531579","0"
"64.62042105","0"
"64.62552632","0"
"64.63063158","0"
"64.63573684","0"
"64.64084211","0"
"64.64594737","0"
"64.65105263","0"
"64.65615789","0"
"64.66126316","0"
"64.66636842","0"
"64.67147368","0"
"64.67657895","0"
"64.68168421","0"
"64.68678947","0"
"64.69189474","0"
"64.697","0"
"64.7048","0"
"64.7096","0"
"64.7144","0"
"64.7192","0"
"64.724","0"
"64.7288","0"
"64.7336","0"
"64.7384","0"
"64.7432","0"
"64.748","0"
"64.7528","0"
"64.7576","0"
"64.7624","0"
"64.7672","0"
"64.772","0"
"64.7768","0"
"64.7816","0"
"64.7864","0"
"64.7912","0"
"64.796","0"
"64.8","0"
"64.80494737","0"
"64.80989474","0"
"64.81484211","0"
"64.81978947","0"
"64.82473684","0"
"64.82968421","0"
"64.83463158","0"
"64.83957895","0"
"64.84452632","0"
"64.84947368","0"
"64.85442105","0"
"64.85936842","0"
"64.86431579","0"
"64.86926316","0"
"64.87421053","0"
"64.87915789","0"
"64.88410526","0"
"64.88905263","0"
"64.894","0"
"64.9048","0"
"64.9096","0"
"64.9144","0"
"64.9192","0"
"64.924","0"
"64.9288","0"
"64.9336","0"
"64.9384","0"
"64.9432","0"
"64.948","0"
"64.9528","0"
"64.9576","0"
"64.9624","0"
"64.9672","0"
"64.972","0"
"64.9768","0"
"64.9816","0"
"64.9864","0"
"64.9912","0"
"64.996","0"
"65","0"
"65.005","0"
"65.01","0"
"65.015","0"
"65.02","0"
"65.025","0"
"65.03","0"
"65.035","0"
"65.04","0"
"65.045","0"
"65.05","0"
"65.055","0"
"65.06","0"
"65.065","0"
"65.07","0"
"65.075","0"
"65.08","0"
"65.085","0"
"65.09","0"
"65.095","0"
"65.10445","-0.00115571605378006"
"65.1089","-0.00189638738201614"
"65.11335","-0.00259340421025023"
"65.1178","-0.00324676653848588"
"65.12225","-0.00385647436671999"
"65.1267","-0.00442252769495566"
"65.13115","-0.00507589002319175"
"65.1356","-0.00581656135142516"
"65.14005","-0.00651357817966147"
"65.1445","-0.0071669405078949"
"65.14895","-0.00773299383613102"
"65.1534","-0.00821173816436671"
"65.15785","-0.00866865524260119"
"65.1623","-0.00910374507083711"
"65.16675","-0.00977893464907043"
"65.1712","-0.0106942239773069"
"65.17565","-0.0112821045555425"
"65.1801","-0.0115425763837771"
"65.18455","-0.0121304569620126"
"65.189","-0.013045746290246"
"65.2048","-0.0160630406129707"
"65.2096","-0.0169090549894921"
"65.2144","-0.0177786133660156"
"65.2192","-0.0186717157425393"
"65.224","-0.0194470981190635"
"65.2288","-0.0201047604955873"
"65.2336","-0.0209036868721086"
"65.2384","-0.0218438772486325"
"65.2432","-0.0226428036251565"
"65.248","-0.0233004660016802"
"65.2528","-0.0240287603782039"
"65.2576","-0.0248276867547257"
"65.2624","-0.0254147171312491"
"65.2672","-0.0257898515077724"
"65.272","-0.0261178978842955"
"65.2768","-0.0263988562608191"
"65.2816","-0.0265620946373422"
"65.2864","-0.0266076130138653"
"65.2912","-0.0265118673903881"
"65.296","-0.0262748577669116"
"65.3049","-0.025835402423382"
"65.3098","-0.0255934550994157"
"65.3147","-0.0259523702754492"
"65.3196","-0.0269121479514816"
"65.3245","-0.028016132627517"
"65.3294","-0.0292643243035529"
"65.3343","-0.0308730334795841"
"65.3392","-0.0328422601556149"
"65.3441","-0.0338981758316503"
"65.349","-0.0340407805076848"
"65.3539","-0.0341833851837188"
"65.3588","-0.0343259898597532"
"65.3637","-0.0347329740357867"
"65.3686","-0.0354043377118218"
"65.3735","-0.0365083223878573"
"65.3784","-0.038044928063889"
"65.3833","-0.0387883952399242"
"65.3882","-0.0387387239159587"
"65.3931","-0.0390015010919931"
"65.398","-0.039576726768026"
"65.4046","-0.0403515205357463"
"65.4092","-0.0408915283132476"
"65.4138","-0.0412510320907495"
"65.4184","-0.0414300318682508"
"65.423","-0.0416992836457522"
"65.4276","-0.0420587874232532"
"65.4322","-0.0426664842007538"
"65.4368","-0.0435223739782575"
"65.4414","-0.0444233897557584"
"65.446","-0.0453695315332587"
"65.4506","-0.0469023113107592"
"65.4552","-0.0490217290882589"
"65.4598","-0.0510960208657649"
"65.4644","-0.0531251866432649"
"65.469","-0.0543420844207656"
"65.4736","-0.0547467141982683"
"65.4782","-0.0547903359757695"
"65.4828","-0.0544729497532712"
"65.4874","-0.0542006895307723"
"65.492","-0.0539735553082736"
"65.5","-0.054363339269146"
"65.5049","-0.0550827719451812"
"65.5098","-0.0550811696212152"
"65.5147","-0.0543585322972504"
"65.5196","-0.0545251714732848"
"65.5245","-0.0555810871493203"
"65.5294","-0.0582713488253499"
"65.5343","-0.0625959565013896"
"65.5392","-0.0654544596774191"
"65.5441","-0.0668468583534549"
"65.549","-0.0708830520294943"
"65.5539","-0.0775630407055177"
"65.5588","-0.0827769248815584"
"65.5637","-0.0865247045575863"
"65.5686","-0.0847685837336183"
"65.5735","-0.0775085624096641"
"65.5784","-0.0705609895857098"
"65.5833","-0.0639258652617158"
"65.5882","-0.0579156379377594"
"65.5931","-0.0525303076137869"
"65.598","-0.0461114937898315"
"65.60484211","-0.0357054860259063"
"65.60968421","-0.0290537624954972"
"65.61452632","-0.0231145417143463"
"65.61936842","-0.0197878882539708"
"65.62421053","-0.0190737883738183"
"65.62905263","-0.0197609694979364"
"65.63389474","-0.0218494344646829"
"65.63873684","-0.0264079471702914"
"65.64357895","-0.0334365264434364"
"65.64842105","-0.0393725681780772"
"65.65326316","-0.0442160968926228"
"65.65810526","-0.0440720104992405"
"65.66294737","-0.0389403084027897"
"65.66778947","-0.0315048183558999"
"65.67263158","-0.0217655096467499"
"65.67747368","-0.0130712430733841"
"65.68231579","-0.00542198272463379"
"65.68715789","-0.00325910378874283"
"65.692","-0.00658259733207922"
"65.70471429","-0.00483225910846352"
"65.70942857","-0.000298503009444229"
"65.71414286","0.0099930372267143"
"65.71885714","0.0260423179388893"
"65.72357143","0.0285643311118244"
"65.72828571","0.0175590660460379"
"65.733","0.0157569674308218"
"65.73771429","0.0231580586107025"
"65.74242857","0.0308597401555226"
"65.74714286","0.0388620447391266"
"65.75185714","0.0385861038109447"
"65.75657143","0.0300319162003406"
"65.76128571","0.030287816770358"
"65.766","0.0393538066066643"
"65.77071429","0.0439338195076475"
"65.77542857","0.0440278552738649"
"65.78014286","0.0440062732773026"
"65.78485714","0.0438690736095202"
"65.78957143","0.0442174690921577"
"65.79428571","0.0450514582471753"
"65.799","0.0472728647182672"
"65.80489474","0.0517853294802797"
"65.80978947","0.0544999076043742"
"65.81468421","0.0561821171872983"
"65.81957895","0.0585125616621105"
"65.82447368","0.0614912349433632"
"65.82936842","0.0620930530397827"
"65.83426316","0.0603180098658984"
"65.83915789","0.0585669789691026"
"65.84405263","0.0568399531946184"
"65.84894737","0.0548008143240457"
"65.85384211","0.05244956235736"
"65.85873684","0.0469291733085222"
"65.86363158","0.0382396246210215"
"65.86852632","0.0289738671407465"
"65.87342105","0.019131920974889"
"65.87831579","0.0132994075517292"
"65.88321053","0.0114763469784447"
"65.88810526","0.0227620133846034"
"65.893","0.0471564528837107"
"65.9046","0.0985960381404523"
"65.9092","0.116467438362937"
"65.9138","0.130999514585469"
"65.9184","0.142192266807924"
"65.923","0.159206273030462"
"65.9276","0.182041533253013"
"65.9322","0.198446338475448"
"65.9368","0.20842068869797"
"65.9414","0.21061080392046"
"65.946","0.205016684142945"
"65.9506","0.198677985365429"
"65.9552","0.191594707587955"
"65.9598","0.184849874810438"
"65.9644","0.178443487032942"
"65.969","0.174225710255444"
"65.9736","0.172196544477938"
"65.9782","0.16775313770044"
"65.9828","0.160895489922944"
"65.9874","0.157083847145445"
"65.992","0.156318209367942"
"66","0.158557505407069"
"66","0.158557505407069"
"66.00515789","0.160810843152379"
"66.01031579","0.161571514795904"
"66.01547368","0.167012583297919"
"66.02063158","0.177134069756447"
"66.02578947","0.185813467916065"
"66.03094737","0.193050811431573"
"66.03610526","0.197530500816486"
"66.04126316","0.199252553441013"
"66.04642105","0.203706943375476"
"66.05157895","0.210893687891984"
"66.05673684","0.2174985311147"
"66.06189474","0.223521498654228"
"66.06705263","0.226812113867989"
"66.07221053","0.227370389515514"
"66.07736842","0.226587793206821"
"66.08252632","0.224464321907348"
"66.08768421","0.225553884931956"
"66.09284211","0.229856486505472"
"66.098","0.232539914908433"
"66.10484211","0.233951695392966"
"66.10968421","0.233407017271847"
"66.11452632","0.2313185523051"
"66.11936842","0.230108860169985"
"66.12421053","0.229777935869938"
"66.12905263","0.234743373864825"
"66.13389474","0.245005194664075"
"66.13873684","0.253461956232441"
"66.14357895","0.260113693500091"
"66.14842105","0.264936628491993"
"66.15326316","0.267930781128945"
"66.15810526","0.270901177081822"
"66.16294737","0.273847828619674"
"66.16778947","0.278504510108061"
"66.17263158","0.284871240781112"
"66.17747368","0.290382940287484"
"66.18231579","0.295039631392934"
"66.18715789","0.295207468286818"
"66.192","0.290886451662385"
"66.20471429","0.285963885493848"
"66.20942857","0.286520392128066"
"66.21414286","0.288001843640756"
"66.21885714","0.290408233746967"
"66.22357143","0.292722134587853"
"66.22828571","0.294943536346871"
"66.233","0.297188066410413"
"66.23771429","0.299455720066399"
"66.24242857","0.301630874738617"
"66.24714286","0.303713539655009"
"66.25185714","0.306304918108419"
"66.25657143","0.309405021092604"
"66.26128571","0.310655234028822"
"66.266","0.310055562221008"
"66.27071429","0.310010856631995"
"66.27542857","0.310521116179413"
"66.28014286","0.311540095843103"
"66.28485714","0.313067791300116"
"66.28957143","0.314294883295852"
"66.29428571","0.315221366624471"
"66.299","0.315338526182608"
"66.30489474","0.314473042800419"
"66.30978947","0.312529942698423"
"66.31468421","0.309362394941936"
"66.31957895","0.304178116410674"
"66.32447368","0.296977121816318"
"66.32936842","0.286654981549244"
"66.33426316","0.273211710321132"
"66.33915789","0.277078703676423"
"66.34405263","0.298255977415794"
"66.34894737","0.336695506239283"
"66.35384211","0.392397290147335"
"66.35873684","0.420609055261675"
"66.36363158","0.421330916856597"
"66.36852632","0.422244848049117"
"66.37342105","0.423350846579667"
"66.37831579","0.438718014991535"
"66.38321053","0.468346351025326"
"66.38810526","0.482393012256237"
"66.393","0.480858056079358"
"66.4046","0.456737097336091"
"66.4092","0.439049209558603"
"66.4138","0.429438875781079"
"66.4184","0.427906096003584"
"66.423","0.430005959226087"
"66.4276","0.435738465448599"
"66.4322","0.437387068671091"
"66.4368","0.434951768893584"
"66.4414","0.433892812116087"
"66.446","0.434210198338586"
"66.4506","0.434166576561085"
"66.4552","0.433761946783585"
"66.4598","0.436177692006089"
"66.4644","0.441413812228583"
"66.469","0.446672495451077"
"66.4736","0.451953741673588"
"66.4782","0.456670912896083"
"66.4828","0.460824009118578"
"66.4874","0.464029459341074"
"66.492","0.466287263563578"
"66.5","0.466015199602706"
"66.50494737","0.463250396533996"
"66.50989474","0.46186880390673"
"66.51484211","0.461870421720918"
"66.51978947","0.459566693455834"
"66.52473684","0.454957609798525"
"66.52968421","0.449620520645701"
"66.53463158","0.44355542599741"
"66.53957895","0.44110609197675"
"66.54452632","0.44227251858374"
"66.54947368","0.442152802390657"
"66.55442105","0.440746942913542"
"66.55936842","0.441767768421429"
"66.56431579","0.445215278914314"
"66.56926316","0.448953991605409"
"66.57421053","0.452983906494694"
"66.57915789","0.456916746035214"
"66.58410526","0.460752526125699"
"66.58905263","0.464345637717694"
"66.594","0.467696080811169"
"66.6046","0.472846854063019"
"66.6092","0.474202138285516"
"66.6138","0.475444607508014"
"66.6184","0.476574261730511"
"66.623","0.478245427953014"
"66.6276","0.480458106175511"
"66.6322","0.48036935839801"
"66.6368","0.477979184620503"
"66.6414","0.475927455843009"
"66.646","0.474214172065504"
"66.6506","0.472997274288"
"66.6552","0.472276762510501"
"66.6598","0.472955156733001"
"66.6644","0.475032456955498"
"66.669","0.476703623177996"
"66.6736","0.477968655400497"
"66.6782","0.479865451622994"
"66.6828","0.482394011845491"
"66.6874","0.486456856067986"
"66.692","0.49205398429048"
"66.7","0.499002080329617"
"66.70494737","0.501575984227903"
"66.70989474","0.503130680432493"
"66.71484211","0.503666168943379"
"66.71978947","0.502988316331894"
"66.72473684","0.501097119857788"
"66.72968421","0.499521392431722"
"66.73463158","0.498261134053711"
"66.73957895","0.501490242897946"
"66.74452632","0.50920871896445"
"66.74947368","0.514330631744155"
"66.75442105","0.516856001942748"
"66.75936842","0.519381372141334"
"66.76431579","0.52190674233992"
"66.76926316","0.525402786532515"
"66.77421053","0.529869504719087"
"66.77915789","0.533074340235615"
"66.78410526","0.535017306037795"
"66.78905263","0.534363718906032"
"66.794","0.531113578840321"
"66.80465","0.517482878192412"
"66.8093","0.508634797765132"
"66.81395","0.514680504587854"
"66.8186","0.535619998660653"
"66.82325","0.553776886233389"
"66.8279","0.569151167306125"
"66.83255","0.570452758128868"
"66.8372","0.557681658701616"
"66.84185","0.552733789024346"
"66.8465","0.555609149097088"
"66.85115","0.558005535919822"
"66.8558","0.559922949492571"
"66.86045","0.561840363065313"
"66.8651","0.563757776638061"
"66.86975","0.559585387460819"
"66.8744","0.549323195533567"
"66.87905","0.541113746106288"
"66.8837","0.534957039179053"
"66.88835","0.528572249751779"
"66.893","0.521959377824525"
"66.90475","0.503693321381984"
"66.9095","0.495680104655238"
"66.91425","0.487666887928468"
"66.919","0.479653671201698"
"66.92375","0.473178171974928"
"66.9285","0.468240390248159"
"66.93325","0.46383847977139"
"66.938","0.459972440544621"
"66.94275","0.462793142567854"
"66.9475","0.472300585841089"
"66.95225","0.480247012864324"
"66.957","0.486632423637539"
"66.96175","0.493017834410773"
"66.9665","0.499403245184007"
"66.97125","0.50352867720724"
"66.976","0.505394130480473"
"66.98075","0.506933401253705"
"66.9855","0.508146489526938"
"66.99025","0.512085531550171"
"66.995","0.518750527323405"
"67.0047","0.525509846270845"
"67.0094","0.525465276193832"
"67.0141","0.52542070611682"
"67.0188","0.525376136039807"
"67.0235","0.521135828962795"
"67.0282","0.512699784885783"
"67.0329","0.507007107308771"
"67.0376","0.50405779623175"
"67.0423","0.502722230154742"
"67.047","0.50300040907773"
"67.0517","0.502748357500717"
"67.0564","0.501966075423705"
"67.0611","0.50118379334669"
"67.0658","0.50040151126968"
"67.0705","0.500379994692667"
"67.0752","0.501119243615655"
"67.0799","0.502688418538642"
"67.0846","0.505087519461637"
"67.0893","0.507786315884625"
"67.094","0.510784807807603"
"67.1048","0.513437039460427"
"67.1096","0.512732289083903"
"67.1144","0.514782186707375"
"67.1192","0.519586732330855"
"67.124","0.521754349954333"
"67.1288","0.521285039577809"
"67.1336","0.519238281201285"
"67.1384","0.51561407482477"
"67.1432","0.511942780448245"
"67.148","0.508224398071718"
"67.1528","0.503564255695192"
"67.1576","0.497962353318666"
"67.1624","0.492360450942156"
"67.1672","0.486758548565629"
"67.172","0.483063710189103"
"67.1768","0.481275935812579"
"67.1816","0.479982585436054"
"67.1864","0.479183659059533"
"67.1912","0.480056356683011"
"67.196","0.482600678306489"
"67.2047","0.480768562749039"
"67.2094","0.47629772067204"
"67.2141","0.471826878595015"
"67.2188","0.467356036518003"
"67.2235","0.454078757440992"
"67.2282","0.431995041363981"
"67.2329","0.422729071286969"
"67.2376","0.426280847209956"
"67.2423","0.423331536132944"
"67.247","0.413881138055932"
"67.2517","0.434077540978918"
"67.2564","0.483920744901903"
"67.2611","0.533763948824888"
"67.2658","0.583607152747872"
"67.2705","0.616621301670857"
"67.2752","0.632806395593844"
"67.2799","0.639262912516831"
"67.2846","0.635990852439809"
"67.2893","0.645951501362766"
"67.294","0.669144859285753"
"67.30465","0.670402059887841"
"67.3093","0.648553276960527"
"67.31395","0.626704494033346"
"67.3186","0.604855711106032"
"67.32325","0.584831588178783"
"67.3279","0.566632125251534"
"67.33255","0.555594452824282"
"67.3372","0.551718570897027"
"67.34185","0.548504128219761"
"67.3465","0.545951124792506"
"67.35115","0.545199973115252"
"67.3558","0.546250673187997"
"67.36045","0.54730137326074"
"67.3651","0.548352073333486"
"67.36975","0.547578113406231"
"67.3744","0.544979493478976"
"67.37905","0.546440742051722"
"67.3837","0.551961859124446"
"67.38835","0.55246516119719"
"67.393","0.547950648269936"
"67.40475","0.547089984327405"
"67.4095","0.551005727600626"
"67.41425","0.55492147087386"
"67.419","0.558837214147093"
"67.42375","0.561424928670326"
"67.4285","0.562684614443558"
"67.43325","0.565691706466791"
"67.438","0.570446204740025"
"67.44275","0.575387093013259"
"67.4475","0.580514371286492"
"67.45225","0.584732998309725"
"67.457","0.588042974082949"
"67.46175","0.591352949856182"
"67.4665","0.594662925629415"
"67.47125","0.597833108902648"
"67.476","0.600863499675881"
"67.48075","0.600399077949113"
"67.4855","0.596439843722344"
"67.49025","0.592224323245575"
"67.495","0.587752516518806"
"67.5047","0.579477029466253"
"67.5094","0.575882220389241"
"67.5141","0.572287411312229"
"67.5188","0.568692602235217"
"67.5235","0.565120846658205"
"67.5282","0.561572144581192"
"67.5329","0.55924527800418"
"67.5376","0.558140246927164"
"67.5423","0.558648960850151"
"67.547","0.560771419773138"
"67.5517","0.560842117196126"
"67.5564","0.558861053119113"
"67.5611","0.556879989042095"
"67.5658","0.554898924965089"
"67.5705","0.552087934888077"
"67.5752","0.548447018811065"
"67.5799","0.546489008234053"
"67.5846","0.546213903157039"
"67.5893","0.543310699080027"
"67.594","0.537779396003032"
"67.6048","0.540060809655855"
"67.6096","0.547737723279337"
"67.6144","0.555414636902796"
"67.6192","0.563091550526277"
"67.624","0.576936992149763"
"67.6288","0.596950961773253"
"67.6336","0.605875707396735"
"67.6384","0.603711229020217"
"67.6432","0.595448854643688"
"67.648","0.581088584267156"
"67.6528","0.57593401789063"
"67.6576","0.579985155514109"
"67.6624","0.584036293137576"
"67.6672","0.588087430761056"
"67.672","0.589195568384533"
"67.6768","0.587360706008008"
"67.6816","0.583453971631483"
"67.6864","0.577475365254974"
"67.6912","0.578677678878451"
"67.696","0.587060912501933"
"67.7047","0.591757842444487"
"67.7094","0.588624103367484"
"67.7141","0.585490364290463"
"67.7188","0.58235662521345"
"67.7235","0.577539980636439"
"67.7282","0.571040430559427"
"67.7329","0.569059366482414"
"67.7376","0.571596788405402"
"67.7423","0.57302764232839"
"67.747","0.573351928251377"
"67.7517","0.568258641674365"
"67.7564","0.557747782597354"
"67.7611","0.547236923520342"
"67.7658","0.536726064443331"
"67.7705","0.535044695866318"
"67.7752","0.542192817789306"
"67.7799","0.549271779212293"
"67.7846","0.556281580135301"
"67.7893","0.564121307058265"
"67.794","0.572790959981252"
"67.8048","0.582859551634078"
"67.8096","0.582955297257555"
"67.8144","0.583051042881031"
"67.8192","0.583146788504509"
"67.824","0.583760502127986"
"67.8288","0.584892183751463"
"67.8336","0.58571779337494"
"67.8384","0.586237330998415"
"67.8432","0.585179420621892"
"67.848","0.582544062245367"
"67.8528","0.578519607868841"
"67.8576","0.573106057492315"
"67.8624","0.567692507115804"
"67.8672","0.562278956739278"
"67.872","0.559361070362753"
"67.8768","0.558938847986229"
"67.8816","0.559552561609706"
"67.8864","0.561202211233179"
"67.8912","0.561486308856656"
"67.896","0.560404854480133"
"67.90475","0.554656603272925"
"67.9095","0.54948583404617"
"67.91425","0.544315064819401"
"67.919","0.539144295592632"
"67.92375","0.535068567615863"
"67.9285","0.532087880889094"
"67.93325","0.531623459162326"
"67.938","0.533675302435559"
"67.94275","0.53321088070879"
"67.9475","0.530230193982022"
"67.95225","0.528973614755254"
"67.957","0.529441143028485"
"67.96175","0.529908671301717"
"67.9665","0.530376199574949"
"67.97125","0.532381445348182"
"67.976","0.535924408621415"
"67.98075","0.537230691894648"
"67.9855","0.53630029516788"
"67.99025","0.535439794691112"
"67.995","0.534649190464344"
"68.00485","0.546296145712521"
"68.0097","0.558572984686218"
"68.01455","0.570849823659951"
"68.0194","0.583126662633648"
"68.02425","0.602635433607389"
"68.0291","0.629376136581136"
"68.03395","0.628568888054859"
"68.0388","0.600213688028469"
"68.04365","0.582777753752225"
"68.0485","0.57626108522594"
"68.05335","0.582780925699668"
"68.0582","0.602337275173351"
"68.06305","0.621893624647091"
"68.0679","0.641449974120774"
"68.07275","0.638549271594492"
"68.0776","0.613191517068189"
"68.08245","0.610671442541916"
"68.0873","0.630989048015656"
"68.09215","0.647785844489345"
"68.097","0.661061831963079"
"68.1048","0.680193882601236"
"68.1096","0.690601900224719"
"68.1144","0.701009917848171"
"68.1192","0.711417935471654"
"68.124","0.725851977095139"
"68.1288","0.744312042718628"
"68.1336","0.75293071634211"
"68.1384","0.75170799796559"
"68.1432","0.753287015589068"
"68.148","0.757667769212548"
"68.1528","0.757528074836024"
"68.1576","0.752867932459498"
"68.1624","0.748207790082986"
"68.1672","0.74354764770646"
"68.172","0.738863961329933"
"68.1768","0.734156730953406"
"68.1816","0.722409844576875"
"68.1864","0.703623302200395"
"68.1912","0.690346055823864"
"68.196","0.682578105447336"
"68.2049","0.678433838290867"
"68.2098","0.681800270614838"
"68.2147","0.685166702938798"
"68.2196","0.688533135262769"
"68.2245","0.685963046086732"
"68.2294","0.677456435410711"
"68.2343","0.675391070734675"
"68.2392","0.679766952058634"
"68.2441","0.682628659882604"
"68.249","0.683976194206567"
"68.2539","0.685467935530531"
"68.2588","0.687103883854503"
"68.2637","0.688739832178467"
"68.2686","0.690375780502435"
"68.2735","0.693477833326396"
"68.2784","0.698045990650354"
"68.2833","0.701027870974324"
"68.2882","0.702423474298292"
"68.2931","0.701079144622256"
"68.298","0.696994881946229"
"68.3048","0.694762387579487"
"68.3096","0.695611541202965"
"68.3144","0.69646069482644"
"68.3192","0.697309848449917"
"68.324","0.697264330073393"
"68.3288","0.69632413969687"
"68.3336","0.695360405320346"
"68.3384","0.694373126943825"
"68.3432","0.6915258725673"
"68.348","0.686818642190773"
"68.3528","0.683147347814248"
"68.3576","0.680511989437723"
"68.3624","0.677876631061205"
"68.3672","0.675241272684681"
"68.372","0.675501826308157"
"68.3768","0.678658291931636"
"68.3816","0.682238549555116"
"68.3864","0.686242599178583"
"68.3912","0.682288776802058"
"68.396","0.670377082425527"
"68.4049","0.676098732269054"
"68.4098","0.694558830593044"
"68.4147","0.713018928916981"
"68.4196","0.73147902724097"
"68.4245","0.75981730506489"
"68.4294","0.798033762388905"
"68.4343","0.803539265212878"
"68.4392","0.776333813536887"
"68.4441","0.759246886360831"
"68.449","0.752278483684808"
"68.4539","0.742401906508789"
"68.4588","0.729617154832739"
"68.4637","0.716832403156688"
"68.4686","0.704047651480638"
"68.4735","0.679534063804643"
"68.4784","0.643291640128667"
"68.4833","0.625267367452609"
"68.4882","0.625461245776575"
"68.4931","0.635485234600583"
"68.498","0.655339333924517"
"68.50485","0.697979022158021"
"68.5097","0.738707804131662"
"68.51455","0.779436586105423"
"68.5194","0.820165368079064"
"68.52425","0.862083612552826"
"68.5291","0.905191319526589"
"68.53395","0.92586576375027"
"68.5388","0.924106945223984"
"68.54365","0.928366806947698"
"68.5485","0.938645348921428"
"68.55335","0.928013140145139"
"68.5582","0.896470180618923"
"68.56305","0.864927221092613"
"68.5679","0.833384261566397"
"68.57275","0.801032467540087"
"68.5776","0.767871839013776"
"68.58245","0.739207378737553"
"68.5873","0.715039086711252"
"68.59215","0.702265845434999"
"68.597","0.700887654908719"
"68.60495","0.696639826847597"
"68.6099","0.692756685521812"
"68.61485","0.688873544196016"
"68.6198","0.684990402870231"
"68.62475","0.682661165544438"
"68.6297","0.681885832218649"
"68.63465","0.680819141892861"
"68.6396","0.679461094567069"
"68.64455","0.687183673741292"
"68.6495","0.703986879415481"
"68.65445","0.713748957589679"
"68.6594","0.716469908263885"
"68.66435","0.7191908589381"
"68.6693","0.721911809612314"
"68.67425","0.720578042036526"
"68.6792","0.715189556210744"
"68.68415","0.712301884634958"
"68.6891","0.711915027309166"
"68.69405","0.711528169983378"
"68.699","0.711141312657589"
"68.7049","0.707236409486448"
"68.7098","0.701133248810406"
"68.7147","0.695030088134381"
"68.7196","0.688926927458339"
"68.7245","0.688375736282304"
"68.7294","0.693376514606262"
"68.7343","0.698377292930235"
"68.7392","0.703378071254193"
"68.7441","0.709508471078167"
"68.749","0.716768492402121"
"68.7539","0.722802754226077"
"68.7588","0.727611256550063"
"68.7637","0.732419758874021"
"68.7686","0.737228261197993"
"68.7735","0.740306279521954"
"68.7784","0.741653813845918"
"68.7833","0.745549005169889"
"68.7882","0.751991853493863"
"68.7931","0.754444974817833"
"68.798","0.752908369141801"
"68.8048","0.756079222775059"
"68.8096","0.762060968398539"
"68.8144","0.768042714022002"
"68.8192","0.774024459645482"
"68.824","0.791613397268971"
"68.8288","0.820809526892465"
"68.8336","0.828392264515947"
"68.8384","0.814361610139456"
"68.8432","0.803839011762927"
"68.848","0.796824469386399"
"68.8528","0.795107327009875"
"68.8576","0.798687584633354"
"68.8624","0.797300058256834"
"68.8672","0.790944747880306"
"68.872","0.787956229503781"
"68.8768","0.788334503127258"
"68.8816","0.775198520750727"
"68.8864","0.748548282374265"
"68.8912","0.744052947997739"
"68.896","0.761712517621227"
"68.9047","0.771743635063768"
"68.9094","0.765290191986756"
"68.9141","0.759436139909727"
"68.9188","0.754181478832714"
"68.9235","0.756695847255701"
"68.9282","0.766979245178688"
"68.9329","0.764306576101684"
"68.9376","0.748677840024625"
"68.9423","0.739596297947613"
"68.947","0.737061949870601"
"68.9517","0.735196153293589"
"68.9564","0.733998908216581"
"68.9611","0.735475869139572"
"68.9658","0.73962703606256"
"68.9705","0.736816045985548"
"68.9752","0.727042898908536"
"68.9799","0.720612509331523"
"68.9846","0.717524877254511"
"68.9893","0.713630372677499"
"68.994","0.708928995600487"
"69.0046","0.702537322852325"
"69.0092","0.701591181074827"
"69.0138","0.70360079229733"
"69.0184","0.708566156519825"
"69.023","0.709989129742323"
"69.0276","0.707869711964817"
"69.0322","0.704464203187318"
"69.0368","0.699772603409821"
"69.0414","0.699864359632319"
"69.046","0.704739471854829"
"69.0506","0.709343828077324"
"69.0552","0.71367742829982"
"69.0598","0.711512884522314"
"69.0644","0.702850196744846"
"69.069","0.697865277967333"
"69.0736","0.696558128189832"
"69.0782","0.698387235412329"
"69.0828","0.703352599634839"
"69.0874","0.703557170857337"
"69.092","0.699000949079825"
"69.10475","0.688185914642188"
"69.1095","0.684832447915419"
"69.11425","0.68101300618865"
"69.119","0.676727589461881"
"69.12375","0.676053478985113"
"69.1285","0.678990674758346"
"69.13325","0.680809530531579"
"69.138","0.681510046304811"
"69.14275","0.683818175828045"
"69.1475","0.687733919101266"
"69.15225","0.689506177374499"
"69.157","0.68913495064773"
"69.16175","0.686783330170962"
"69.1665","0.682451315944193"
"69.17125","0.682685856717426"
"69.176","0.687486952490659"
"69.18075","0.693685973263893"
"69.1855","0.701282919037128"
"69.19025","0.706666483560361"
"69.195","0.709836666833585"
"69.20465","0.712821817180786"
"69.2093","0.712595255253529"
"69.21395","0.722267473826268"
"69.2186","0.741838472899063"
"69.22325","0.753837132971765"
"69.2279","0.758263454044505"
"69.23255","0.757945659117247"
"69.2372","0.752883748189993"
"69.24185","0.750079854012737"
"69.2465","0.749533976585481"
"69.25115","0.744814189408225"
"69.2558","0.735920492480945"
"69.26045","0.709281977053781"
"69.2651","0.664898643126408"
"69.26975","0.629501759699166"
"69.2744","0.60309132677192"
"69.27905","0.585598919594671"
"69.2837","0.577024538167418"
"69.28835","0.569567760990141"
"69.293","0.563228588062886"
"69.3046","0.581610435319625"
"69.3092","0.602460151542107"
"69.3138","0.601784765764605"
"69.3184","0.579584277987121"
"69.323","0.561287189209633"
"69.3276","0.546893499432099"
"69.3322","0.539674843654603"
"69.3368","0.539631221877102"
"69.3414","0.540941380099599"
"69.346","0.543605318322103"
"69.3506","0.555520086544592"
"69.3552","0.576685684767074"
"69.3598","0.601235732989629"
"69.3644","0.62917023121202"
"69.369","0.657759056434584"
"69.3736","0.68700220865715"
"69.3782","0.702459367879588"
"69.3828","0.704130534102091"
"69.3874","0.701672671324591"
"69.392","0.695085779547095"
"69.4","0.697285835586226"
"69.40494737","0.707091260739779"
"69.40989474","0.715222273253734"
"69.41484211","0.721678873128016"
"69.41978947","0.718622874038132"
"69.42473684","0.706054263630028"
"69.42968421","0.69384965596964"
"69.43463158","0.682009051057036"
"69.43957895","0.671066319588881"
"69.44452632","0.661021461565147"
"69.44947368","0.654155574749681"
"69.45442105","0.65046863138666"
"69.45936842","0.652071861290947"
"69.46431579","0.65896526446251"
"69.46926316","0.658335944180596"
"69.47421053","0.65018390044519"
"69.47915789","0.647152168156106"
"69.48410526","0.649240735057392"
"69.48905263","0.655090663685442"
"69.494","0.664701954040222"
"69.5046","0.67791164229208"
"69.5092","0.680440202514569"
"69.5138","0.686556279737081"
"69.5184","0.696259873959573"
"69.523","0.701924691182067"
"69.5276","0.703550731404569"
"69.5322","0.701273372627069"
"69.5368","0.695092614849572"
"69.5414","0.69644789907207"
"69.546","0.705339225294589"
"69.5506","0.713102401517081"
"69.5552","0.719737427739575"
"69.5598","0.72231111396208"
"69.5644","0.720823460184584"
"69.569","0.720847527407083"
"69.5736","0.72238331562958"
"69.5782","0.722971457852078"
"69.5828","0.722611954074575"
"69.5874","0.72110173729708"
"69.592","0.718440807519573"
"69.6","0.715421943558702"
"69.60494737","0.714549954778291"
"69.60989474","0.705645638697509"
"69.61484211","0.688708995316409"
"69.61978947","0.671020115344117"
"69.62473684","0.652578927272317"
"69.62968421","0.639258044518826"
"69.63463158","0.631057467083719"
"69.63957895","0.642391703777849"
"69.64452632","0.673260754601303"
"69.64947368","0.683478695548997"
"69.65442105","0.673045567927661"
"69.65936842","0.669140222916013"
"69.66431579","0.671762660513998"
"69.66926316","0.681810754166107"
"69.67421053","0.699284503872283"
"69.67915789","0.742942096322424"
"69.68410526","0.812783708004861"
"69.68905263","0.85052027733588"
"69.694","0.856151804315264"
"69.70465","0.854274709917353"
"69.7093","0.847342522490099"
"69.71395","0.852019734312841"
"69.7186","0.868306345385627"
"69.72325","0.874260819208349"
"69.7279","0.869883155781094"
"69.73255","0.856906782103803"
"69.7372","0.835331698176555"
"69.74185","0.811338939749308"
"69.7465","0.784928506822062"
"69.75115","0.776719057394809"
"69.7558","0.786710591467579"
"69.76045","0.801993639540269"
"69.7651","0.822568201613066"
"69.76975","0.824668081185808"
"69.7744","0.808293278258558"
"69.77905","0.806264864581302"
"69.7837","0.81858284015404"
"69.78835","0.827183070976806"
"69.793","0.832065557049547"
"69.8046","0.833890086306282"
"69.8092","0.830507140528784"
"69.8138","0.834660236751279"
"69.8184","0.846349374973769"
"69.823","0.850773227196263"
"69.8276","0.847931793418755"
"69.8322","0.844278091641257"
"69.8368","0.839812121863758"
"69.8414","0.83665480608626"
"69.846","0.834806144308754"
"69.8506","0.831693954531256"
"69.8552","0.827318236753758"
"69.8598","0.825830582976253"
"69.8644","0.827230993198746"
"69.869","0.828315521421247"
"69.8736","0.829084167643747"
"69.8782","0.829017982866246"
"69.8828","0.828116967088743"
"69.8874","0.824643769311245"
"69.892","0.818598389533749"
"69.9047","0.799478437995871"
"69.9094","0.791503463918859"
"69.9141","0.787470638341835"
"69.9188","0.787379961264823"
"69.9235","0.785583325187811"
"69.9282","0.782080730110799"
"69.9329","0.778047904533799"
"69.9376","0.773484848456774"
"69.9423","0.772748673379761"
"69.947","0.775839379302748"
"69.9517","0.774019689725736"
"69.9564","0.767289604648745"
"69.9611","0.763648688571722"
"69.9658","0.763096941494709"
"69.9705","0.764965811917697"
"69.9752","0.769255299840685"
"69.9799","0.771861882263672"
"69.9846","0.772785559186659"
"69.9893","0.771496100109647"
"69.994","0.767993505032635"
"70.0048","0.753800004685453"
"70.0096","0.744760678308924"
"70.0144","0.734214535932425"
"70.0192","0.722161577555894"
"70.024","0.730615443179377"
"70.0288","0.759576132802871"
"70.0336","0.772315006426357"
"70.0384","0.768832064049841"
"70.0432","0.776226449673322"
"70.048","0.794498163296811"
"70.0528","0.804882636920295"
"70.0576","0.807379870543774"
"70.0624","0.802931624167261"
"70.0672","0.79153789779073"
"70.072","0.7796026594142"
"70.0768","0.767125909037669"
"70.0816","0.755567374661138"
"70.0864","0.744927056284639"
"70.0912","0.729389585908107"
"70.096","0.708954963531571"
"70.1","0.688708431551182"
"70.10494737","0.659686896944791"
"70.10989474","0.641415576821889"
"70.11484211","0.633894471182582"
"70.11978947","0.624917372697495"
"70.12473684","0.61448424507619"
"70.12968421","0.609972228818268"
"70.13463158","0.611381323923755"
"70.13957895","0.615775241560789"
"70.14452632","0.623153981729392"
"70.14947368","0.631115110202691"
"70.15442105","0.639658659164097"
"70.15936842","0.652667308497838"
"70.16431579","0.670141058204013"
"70.16926316","0.680577421453723"
"70.17421053","0.683976398246909"
"70.17915789","0.689874848652229"
"70.18410526","0.698272796514511"
"70.18905263","0.704171258842261"
"70.194","0.707570235635446"
"70.20465","0.705379711737536"
"70.2093","0.70027218431028"
"70.21395","0.697445481883026"
"70.2186","0.696899604455767"
"70.22325","0.692407899778526"
"70.2279","0.683970367851272"
"70.23255","0.675760918423994"
"70.2372","0.66777955149674"
"70.24185","0.660254349569487"
"70.2465","0.653185312642233"
"70.25115","0.650312993714977"
"70.2558","0.651637392787724"
"70.26045","0.654421519860457"
"70.2651","0.658665374933212"
"70.26975","0.661700392755953"
"70.2744","0.663526573328696"
"70.27905","0.664189533151438"
"70.2837","0.663689272224182"
"70.28835","0.663280244296923"
"70.293","0.662962449369667"
"70.30475","0.669075469177132"
"70.3095","0.674342539950365"
"70.31425","0.677978698223598"
"70.319","0.679983943996831"
"70.32375","0.681989189770063"
"70.3285","0.683994435543296"
"70.33325","0.684741548816528"
"70.338","0.684230529589761"
"70.34275","0.683626315362993"
"70.3475","0.682928906136226"
"70.35225","0.678526995659456"
"70.357","0.670420583932686"
"70.36175","0.667439897205917"
"70.3665","0.669584935479151"
"70.37125","0.674619018752385"
"70.376","0.682542147025619"
"70.38075","0.685246355298852"
"70.3855","0.682731643572091"
"70.39025","0.681288674345323"
"70.395","0.680917447618555"
"70.40465","0.667856626215761"
"70.4093","0.655632924788472"
"70.41395","0.641424905611222"
"70.4186","0.625232568683922"
"70.42325","0.609040231756722"
"70.4279","0.592847894829471"
"70.43255","0.585368309402195"
"70.4372","0.586601475474934"
"70.44185","0.581836071797664"
"70.4465","0.571072098370412"
"70.45115","0.572921087193154"
"70.4558","0.587383038265891"
"70.46045","0.589254835338634"
"70.4651","0.578536478411349"
"70.46975","0.567818121484096"
"70.4744","0.557099764556877"
"70.47905","0.567068490379647"
"70.4837","0.597724298952377"
"70.48835","0.633854087525215"
"70.493","0.675457856097814"
"70.5048","0.802043087755613"
"70.5096","0.862081857379128"
"70.5144","0.88131887500256"
"70.5192","0.859754140626023"
"70.524","0.838189406249486"
"70.5288","0.816624671872949"
"70.5336","0.821923641496429"
"70.5384","0.854086315119831"
"70.5432","0.85903212474331"
"70.548","0.836761070366773"
"70.5528","0.829911335990246"
"70.5576","0.838482921613728"
"70.5624","0.837189571237208"
"70.5672","0.826031284860677"
"70.572","0.814872998484147"
"70.5768","0.803714712107616"
"70.5816","0.797171049731088"
"70.5864","0.795242011354569"
"70.5912","0.786061420978041"
"70.596","0.769629278601506"
"70.6047","0.748892802544081"
"70.6094","0.742577680467069"
"70.6141","0.751869777890084"
"70.6188","0.776769094813071"
"70.6235","0.801668411736058"
"70.6282","0.826567728658969"
"70.6329","0.839640600081955"
"70.6376","0.840887026004946"
"70.6423","0.836992521427935"
"70.647","0.827957086350923"
"70.6517","0.827820302273911"
"70.6564","0.836582169196898"
"70.6611","0.835338817119882"
"70.6658","0.82409024604287"
"70.6705","0.812841674965858"
"70.6752","0.801593103888848"
"70.6799","0.788085289811877"
"70.6846","0.772318232734818"
"70.6893","0.756620336157807"
"70.694","0.740991600080796"
"70.7048","0.728758137733615"
"70.7096","0.733845211357095"
"70.7144","0.740227204980558"
"70.7192","0.747904118604039"
"70.724","0.755581032227521"
"70.7288","0.763257945851003"
"70.7336","0.768368563474482"
"70.7384","0.770912885097953"
"70.7432","0.769902062721429"
"70.748","0.765336096344903"
"70.7528","0.762347577968378"
"70.7576","0.760936507591853"
"70.7624","0.759996317215332"
"70.7672","0.759527006838808"
"70.772","0.759057696462285"
"70.7768","0.758588386085762"
"70.7816","0.756871243709237"
"70.7864","0.753906269332721"
"70.7912","0.751153190956196"
"70.796","0.748612008579671"
"70.80475","0.743550457372472"
"70.8095","0.740569770645703"
"70.81425","0.770719906418944"
"70.819","0.834000864692193"
"70.82375","0.897281822965444"
"70.8285","0.960562781238694"
"70.83325","0.973518439511929"
"70.838","0.936148797785263"
"70.84275","0.930861534808493"
"70.8475","0.957656650581733"
"70.85225","0.944028435104961"
"70.857","0.889976888378178"
"70.86175","0.835505964151394"
"70.8665","0.780615662424611"
"70.87125","0.725725360697828"
"70.876","0.670835058971044"
"70.88075","0.637379607244267"
"70.8855","0.625359005517531"
"70.89025","0.602574381290757"
"70.895","0.56902573456398"
"70.90485","0.559027905812142"
"70.9097","0.583437262285815"
"70.91455","0.604777805509557"
"70.9194","0.623049535483242"
"70.92425","0.641321265456982"
"70.9291","0.659592995430721"
"70.93395","0.657810387654446"
"70.9388","0.635973442128146"
"70.94365","0.627244373351884"
"70.9485","0.63162318132561"
"70.95335","0.661099648049361"
"70.9582","0.715673773522975"
"70.96305","0.773007451996919"
"70.9679","0.833100683470522"
"70.97275","0.893193914944302"
"70.9776","0.953287146418082"
"70.98245","0.978743229891753"
"70.9873","0.969562165365465"
"70.99215","0.97282287858918"
"70.997","0.988525369562916"
"71.0048","1.01366408320108"
"71.0096","1.02906342882456"
"71.0144","1.02393240644805"
"71.0192","0.998271016071512"
"71.024","0.972609625694972"
"71.0288","0.946948235318433"
"71.0336","0.921875444941894"
"71.0384","0.897391254565427"
"71.0432","0.886068160188896"
"71.048","0.887906161812374"
"71.0528","0.892334003435854"
"71.0576","0.899351685059335"
"71.0624","0.897469734682816"
"71.0672","0.886688152306287"
"71.072","0.875906569929757"
"71.0768","0.865124987553227"
"71.0816","0.864231885176703"
"71.0864","0.873227262800159"
"71.0912","0.881021896423641"
"71.096","0.887615786047122"
"71.1049","0.915295649390642"
"71.1098","0.939043337714639"
"71.1147","0.949067326538589"
"71.1196","0.94536761586255"
"71.1245","0.941667905186522"
"71.1294","0.937968194510493"
"71.1343","0.933763759334454"
"71.1392","0.929054599658414"
"71.1441","0.931868238482384"
"71.149","0.942204675806333"
"71.1539","0.943095554630298"
"71.1588","0.934540874954253"
"71.1637","0.924255711278235"
"71.1686","0.912240063602151"
"71.1735","0.900224415926136"
"71.1784","0.888208768250121"
"71.1833","0.883956264074082"
"71.1882","0.887466903398042"
"71.1931","0.88816550622201"
"71.198","0.886052072545979"
"71.2048","0.878883186179225"
"71.2096","0.870832707802696"
"71.2144","0.849338605426223"
"71.2192","0.814400879049678"
"71.224","0.779463152673133"
"71.2288","0.744525426296588"
"71.2336","0.717781011920048"
"71.2384","0.699229909543568"
"71.2432","0.692874599167041"
"71.248","0.698715080790521"
"71.2528","0.694690626413995"
"71.2576","0.680801236037464"
"71.2624","0.712186957660867"
"71.2672","0.788847791284392"
"71.272","0.865508624907917"
"71.2768","0.942169458531442"
"71.2816","0.998700172154955"
"71.2864","1.03510076577835"
"71.2912","1.05834026340184"
"71.296","1.06841866502532"
"71.3049","1.08308948736882"
"71.3098","1.08895550769281"
"71.3147","1.09381207901677"
"71.3196","1.09765920134074"
"71.3245","1.1015063236647"
"71.3294","1.10535344598866"
"71.3343","1.09905800931262"
"71.3392","1.08262001363661"
"71.3441","1.06716743246051"
"71.349","1.0527002657845"
"71.3539","1.04921686560847"
"71.3588","1.05671723193245"
"71.3637","1.05621410975641"
"71.3686","1.04770749908037"
"71.3735","1.03920088840432"
"71.3784","1.0306942777283"
"71.3833","1.02521601405226"
"71.3882","1.02276609737623"
"71.3931","1.02048442220019"
"71.398","1.01837098852416"
"71.40485","1.01608847950766"
"71.4097","1.01494818148139"
"71.41455","1.01268978870511"
"71.4194","1.00931330117883"
"71.42425","1.00593681365255"
"71.4291","1.00256032612627"
"71.43395","1.00767660084998"
"71.4388","1.02128563782372"
"71.44365","1.02801958154742"
"71.4485","1.02787843202114"
"71.45335","1.03023515374487"
"71.4582","1.03508974671858"
"71.46305","1.03823151369231"
"71.4679","1.03966045466603"
"71.47275","1.04108939563975"
"71.4776","1.04251833661348"
"71.48245","1.04447064108719"
"71.4873","1.04694630906092"
"71.49215","1.04687652728464"
"71.497","1.04426129575836"
"71.50495","1.03970150969725"
"71.5099","1.03669243937146"
"71.51485","1.03395044629566"
"71.5198","1.03147553046987"
"71.52475","1.02900061464409"
"71.5297","1.0265256988183"
"71.53465","1.02628451999251"
"71.5396","1.02827707816672"
"71.54455","1.03077951109093"
"71.5495","1.03379181876514"
"71.55445","1.03585721618935"
"71.5594","1.03697570336356"
"71.56435","1.03685592328777"
"71.5693","1.03549787596198"
"71.57425","1.03413982863619"
"71.5792","1.0327817813104"
"71.58415","1.03101097823461"
"71.5891","1.02882741940882"
"71.59405","1.02824632408303"
"71.599","1.02926769225724"
"71.6049","1.0264335505861"
"71.6098","1.02071494191006"
"71.6147","1.01790450773403"
"71.6196","1.01800224805799"
"71.6245","1.01809998838196"
"71.6294","1.01819772870593"
"71.6343","1.01389715552989"
"71.6392","1.00519826885384"
"71.6441","0.997436727677795"
"71.649","0.990612532001772"
"71.6539","0.997079414825728"
"71.6588","1.01683737614972"
"71.6637","0.991795029473726"
"71.6686","0.921952374797399"
"71.6735","0.852109720121477"
"71.6784","0.782267065445555"
"71.6833","0.784071255269524"
"71.6882","0.857522289593371"
"71.6931","0.86711365741735"
"71.698","0.812845358741404"
"71.70505263","0.803438328145083"
"71.71010526","0.845918299736739"
"71.71515789","0.865226025938345"
"71.72021053","0.861361499101135"
"71.72526316","0.857496979912462"
"71.73031579","0.853632460723789"
"71.73536842","0.853708462408961"
"71.74042105","0.85772498496799"
"71.74547368","0.86585551045188"
"71.75052632","0.878100063094713"
"71.75557895","0.886701468431477"
"71.76063158","0.891659750696193"
"71.76568421","0.884350373636653"
"71.77073684","0.864773337252897"
"71.77578947","0.845196300869085"
"71.78084211","0.825619225739124"
"71.78589474","0.818012450877783"
"71.79094737","0.822375937538901"
"71.796","0.817644008094965"
"71.8","0.806697356114555"
"71.80485","0.800061741338269"
"71.8097","0.800063327311991"
"71.81455","0.800992694035713"
"71.8194","0.802849841509431"
"71.82425","0.80470698898316"
"71.8291","0.806564136456883"
"71.83395","0.804353322180608"
"71.8388","0.798074546154324"
"71.84365","0.797814450378045"
"71.8485","0.803573034851773"
"71.85335","0.811900858325502"
"71.8582","0.822797920799202"
"71.86305","0.831363636772932"
"71.8679","0.837598006246641"
"71.87275","0.843832375720367"
"71.8776","0.850066745194094"
"71.88245","0.853041987417809"
"71.8873","0.852758102391531"
"71.89215","0.853021370115252"
"71.897","0.853831790588974"
"71.90495","0.845840466527864"
"71.9099","0.835061876202087"
"71.91485","0.830838818376291"
"71.9198","0.833171293050504"
"71.92475","0.835503767724712"
"71.9297","0.837836242398919"
"71.93465","0.838250616823129"
"71.9396","0.836746890997333"
"71.94455","0.83898224667154"
"71.9495","0.844956683845743"
"71.95445","0.849838532269948"
"71.9594","0.853627791944153"
"71.96435","0.858145444118384"
"71.9693","0.863391488792588"
"71.97425","0.868637533466793"
"71.9792","0.873883578140997"
"71.98415","0.880343610315217"
"71.9891","0.88801762998944"
"71.99405","0.890228705913648"
"71.999","0.886976838087863"
"72.0049","0.88796271041672"
"72.0098","0.892819281740691"
"72.0147","0.914644210064622"
"72.0196","0.953437495388751"
"72.0245","0.992230780712654"
"72.0294","1.03102406603656"
"72.0343","1.06904824736057"
"72.0392","1.10630332468448"
"72.0441","1.12752739050847"
"72.049","1.13272044483245"
"72.0539","1.1407976391564"
"72.0588","1.15175897348038"
"72.0637","1.16363361880432"
"72.0686","1.17642157512831"
"72.0735","1.18920953145225"
"72.0784","1.2019974877762"
"72.0833","1.17988735010007"
"72.0882","1.12287911842413"
"72.0931","1.09334232024806"
"72.098","1.09127695557202"
"72.10505263","1.10660402733299"
"72.11010526","1.13069490151348"
"72.11515789","1.13312530246291"
"72.12021053","1.11389519212175"
"72.12526316","1.09466511984004"
"72.13031579","1.07543504755838"
"72.13536842","1.06069072545387"
"72.14042105","1.05043215352647"
"72.14547368","1.04106577500451"
"72.15052632","1.03259157311607"
"72.15557895","1.03142841729375"
"72.16063158","1.03757629076568"
"72.16568421","1.03869318475716"
"72.17073684","1.03477909926818"
"72.17578947","1.03086501377921"
"72.18084211","1.0269509205436"
"72.18589474","1.02534166801857"
"72.19094737","1.02603724845749"
"72.196","1.02318883842496"
"72.2","1.01812818644451"
"72.20495","1.01186562961873"
"72.2099","1.00560307279295"
"72.21485","1.00278824046715"
"72.2198","1.00342113264136"
"72.22475","1.00405402481557"
"72.2297","1.00468691698978"
"72.23465","1.00468853566399"
"72.2396","1.00405888083819"
"72.24455","1.00209383976241"
"72.2495","0.998793412436622"
"72.25445","1.00253411261083"
"72.2594","1.01331594028506"
"72.26435","1.01295336270927"
"72.2693","1.00144637988349"
"72.27425","0.989939397057714"
"72.2792","0.978432414231907"
"72.28415","0.971344345906127"
"72.2891","0.968675192080333"
"72.29405","0.958115119504556"
"72.299","0.939664128178737"
"72.30485","0.928676143407358"
"72.3097","0.92853499388108"
"72.31455","0.9279656378548"
"72.3194","0.926968075328523"
"72.32425","0.92597051280224"
"72.3291","0.92497295027596"
"72.33395","0.919265116249693"
"72.3388","0.908847010723404"
"72.34365","0.897215653447148"
"72.3485","0.884371044420857"
"72.35335","0.877687851144572"
"72.3582","0.877166073618294"
"72.36305","0.867318910092005"
"72.3679","0.848146360565765"
"72.37275","0.835040069789474"
"72.3776","0.828000037763188"
"72.38245","0.824575971736916"
"72.3873","0.824767871710637"
"72.39215","0.828385423684361"
"72.397","0.835428627658089"
"72.40475","0.846227066945997"
"72.4095","0.852565880219212"
"72.41425","0.851751977242444"
"72.419","0.843785358015674"
"72.42375","0.837915626288904"
"72.4285","0.834142782062135"
"72.43325","0.828319647835366"
"72.438","0.820446223608596"
"72.44275","0.810522509381825"
"72.4475","0.798548505155054"
"72.45225","0.797408419678285"
"72.457","0.807102252951491"
"72.46175","0.819009467474727"
"72.4665","0.833130063247963"
"72.47125","0.841402672771198"
"72.476","0.84382729604443"
"72.48075","0.847766338067664"
"72.4855","0.853219798840898"
"72.49025","0.861515707114133"
"72.495","0.872654062887368"
"72.5047","0.8939724028348"
"72.5094","0.903610302757787"
"72.5141","0.906608794680775"
"72.5188","0.902967878603763"
"72.5235","0.896768024026751"
"72.5282","0.888009230949738"
"72.5329","0.880956396872727"
"72.5376","0.875609521795699"
"72.5423","0.873029066718695"
"72.547","0.873215031641683"
"72.5517","0.868651975564671"
"72.5564","0.859339898487659"
"72.5611","0.845924298410607"
"72.5658","0.828405175333649"
"72.5705","0.812592011256638"
"72.5752","0.798484806179627"
"72.5799","0.793253198602615"
"72.5846","0.796897188525614"
"72.5893","0.797936132948601"
"72.594","0.796370031871593"
"72.6046","0.798609197123441"
"72.6092","0.802085403345936"
"72.6138","0.805832365568432"
"72.6184","0.809850083790927"
"72.623","0.813958054013435"
"72.6276","0.81815627623593"
"72.6322","0.824430294458424"
"72.6368","0.832780108680942"
"72.6414","0.835692239903429"
"72.646","0.833166688125922"
"72.6506","0.827324375348407"
"72.6552","0.818165301570941"
"72.6598","0.808622656793417"
"72.6644","0.798696441015924"
"72.669","0.790281946238429"
"72.6736","0.783379172460911"
"72.6782","0.777559422683414"
"72.6828","0.772822696905917"
"72.6874","0.766122990128421"
"72.692","0.757460302350926"
"72.7","0.740354278390033"
"72.70494737","0.728513673477429"
"72.70989474","0.737518292585986"
"72.71484211","0.767368135715566"
"72.71978947","0.812384669010637"
"72.72473684","0.872568074452608"
"72.72968421","0.890527161155835"
"72.73463158","0.86626192912004"
"72.73957895","0.862477918357631"
"72.74452632","0.879175128868654"
"72.74947368","0.894756032793136"
"72.75442105","0.909220693117955"
"72.75936842","0.880878630307362"
"72.76431579","0.809729844361401"
"72.76926316","0.772190645457558"
"72.77421053","0.76826103359606"
"72.77915789","0.748752143563709"
"72.78410526","0.713663896494923"
"72.78905263","0.685928504930501"
"72.794","0.665545968870703"
"72.80465","0.613258963222801"
"72.8093","0.586757297295474"
"72.81395","0.565113788618292"
"72.8186","0.548328437190991"
"72.82325","0.543448992263736"
"72.8279","0.550475453836477"
"72.83255","0.54801368340922"
"72.8372","0.536063680981969"
"72.84185","0.536521366554713"
"72.8465","0.549386740127451"
"72.85115","0.558579985450162"
"72.8558","0.564101102522919"
"72.86045","0.589875945595651"
"72.8651","0.635904514668515"
"72.86975","0.673608072491127"
"72.8744","0.702986619063859"
"72.87905","0.723880496636657"
"72.8837","0.736289705209357"
"72.88835","0.730178614782083"
"72.893","0.705547225354837"
"72.90475","0.693851416412299"
"72.9095","0.709556327185489"
"72.91425","0.706855225458721"
"72.919","0.685748111231947"
"72.92375","0.659491973255173"
"72.9285","0.628086811528396"
"72.93325","0.610684198551623"
"72.938","0.607284134324854"
"72.94275","0.593213242598082"
"72.9475","0.568471523371307"
"72.95225","0.552816316644535"
"72.957","0.546247622417785"
"72.96175","0.535764738191014"
"72.9665","0.521367663964242"
"72.97125","0.509300464737472"
"72.976","0.499563140510701"
"72.98075","0.495114632533932"
"72.9855","0.495954940807164"
"72.99025","0.498332966580396"
"72.995","0.502248709853629"
"73.0046","0.508702905100587"
"73.0092","0.511096087323077"
"73.0138","0.509698685545572"
"73.0184","0.504510699768075"
"73.023","0.504692707990573"
"73.0276","0.510244710213084"
"73.0322","0.515932090435578"
"73.0368","0.521754848658072"
"73.0414","0.525118239880567"
"73.046","0.526022264103069"
"73.0506","0.525910953325567"
"73.0552","0.524784307548067"
"73.0598","0.524063795770564"
"73.0644","0.523749417993063"
"73.069","0.522419705215559"
"73.0736","0.520074657438059"
"73.0782","0.516624022660561"
"73.0828","0.512067800883049"
"73.0874","0.505593724105573"
"73.092","0.497201792328051"
"73.1","0.483195728367187"
"73.10495","0.474893672541385"
"73.1099","0.465571867215607"
"73.11485","0.4552303123898"
"73.1198","0.442946377564025"
"73.12475","0.428720062738213"
"73.1297","0.417528716662437"
"73.13465","0.409372339336657"
"73.1396","0.400584688510854"
"73.14455","0.391165764185049"
"73.1495","0.382742309609271"
"73.15445","0.37531432478349"
"73.1594","0.369173166707709"
"73.16435","0.364318835381911"
"73.1693","0.358663272306112"
"73.17425","0.352206477480331"
"73.1792","0.34536120665455"
"73.18415","0.338127459828769"
"73.1891","0.334657074252964"
"73.19405","0.334950049927174"
"73.199","0.336821209351382"
"73.20489474","0.340928882317595"
"73.20978947","0.339946128241594"
"73.21468421","0.334569780112717"
"73.21957895","0.32895334498684"
"73.22447368","0.323096834828903"
"73.22936842","0.321201748156518"
"73.23426316","0.323268096934638"
"73.23915789","0.32495030308079"
"73.24405263","0.326248373468509"
"73.24894737","0.32476143469103"
"73.25384211","0.320489486748353"
"73.25873684","0.316169530231999"
"73.26363158","0.311801547490521"
"73.26852632","0.305512868773027"
"73.27342105","0.29730351085137"
"73.27831579","0.28861396216392"
"73.28321053","0.279444239482445"
"73.28810526","0.27257936599719"
"73.293","0.2680193136581"
"73.30471429","0.254692750839824"
"73.30942857","0.24835844154084"
"73.31414286","0.240336096556585"
"73.31885714","0.230625749921228"
"73.32357143","0.2229965060086"
"73.32828571","0.217448397185215"
"73.333","0.211669040668608"
"73.33771429","0.205658448227483"
"73.34242857","0.199740362709698"
"73.34714286","0.193914759008191"
"73.35185714","0.187279843645026"
"73.35657143","0.179835588471998"
"73.36128571","0.173339414369234"
"73.366","0.16779129377711"
"73.37071429","0.162936880958488"
"73.37542857","0.158776184739116"
"73.38014286","0.154199255029894"
"73.38485714","0.149206111248125"
"73.38957143","0.143657990656018"
"73.39428571","0.137554916791033"
"73.399","0.130365021134956"
"73.40489474","0.120015844251164"
"73.40978947","0.112598771800958"
"73.41468421","0.106358110482881"
"73.41957895","0.101894092942604"
"73.42447368","0.0992067246704598"
"73.42936842","0.0956310290190721"
"73.43426316","0.0911670114787948"
"73.43915789","0.0886717124118426"
"73.44405263","0.0881451216223632"
"73.44894737","0.0850015825655848"
"73.45384211","0.0792410952415081"
"73.45873684","0.0759775193537555"
"73.46363158","0.0752108415672761"
"73.46852632","0.0770130946487"
"73.47342105","0.0813842696676406"
"73.47831579","0.0878682191905571"
"73.48321053","0.0964649342870723"
"73.48810526","0.101700420729427"
"73.493","0.103574699909946"
"73.5046","0.113194255166694"
"73.5092","0.11906213938917"
"73.5138","0.123508554611679"
"73.5184","0.126533500834175"
"73.523","0.125609922056675"
"73.5276","0.120737818279162"
"73.5322","0.115369328501666"
"73.5368","0.109504452724169"
"73.5414","0.103842643946672"
"73.546","0.0983839021691582"
"73.5506","0.0938953693916598"
"73.5552","0.090377045614161"
"73.5598","0.0851213708366472"
"73.5644","0.0781283450591732"
"73.569","0.0708194372816551"
"73.5736","0.0631946475041603"
"73.5782","0.0549606567266649"
"73.5828","0.0461174649491438"
"73.5874","0.03907931317167"
"73.592","0.0338462013941565"
"73.6","0.0263932174332884"
"73.60494737","0.0228033414696784"
"73.60989474","0.0198444036021597"
"73.61484211","0.0175164038307485"
"73.61978947","0.0171054860280653"
"73.62473684","0.0186116485329522"
"73.62968421","0.0213554203801953"
"73.63463158","0.0253368015697801"
"73.63957895","0.0286872446632658"
"73.64452632","0.0314067496606594"
"73.64947368","0.0334225119379723"
"73.65442105","0.034734539644063"
"73.65936842","0.0333286801669561"
"73.66431579","0.0292049335066462"
"73.66926316","0.0247414509484245"
"73.67421053","0.0199382324923154"
"73.67915789","0.0159358281712305"
"73.68410526","0.0127342218052204"
"73.68905263","0.00938701434010047"
"73.694","0.00589420577589062"
"73.70465","-0.00303505237201884"
"73.7093","-0.00754956529927453"
"73.71395","-0.010969282226529"
"73.7186","-0.0132942031537922"
"73.72325","-0.0148664518310437"
"73.7279","-0.0156860282583007"
"73.73255","-0.0146581364355547"
"73.7372","-0.0117827763628124"
"73.74185","-0.00904426579007067"
"73.7465","-0.00644260471732849"
"73.75115","-0.00427430039458665"
"73.7558","-0.00253935282183937"
"73.76045","-0.0012605702491002"
"73.7651","-0.000437952676354936"
"73.76975","-3.07535361221412E-06"
"73.7744","4.40617191315162E-05"
"73.77905","-0.000547432208125809"
"73.7837","-0.00177755713538197"
"73.78835","-0.00287083256264165"
"73.793","-0.00382725848989773"
"73.80475","-0.00607113243242763"
"73.8095","-0.00690833415919601"
"73.81425","-0.00774553588596394"
"73.819","-0.00858273761273232"
"73.82375","-0.0080919105895001"
"73.8285","-0.00627305481626683"
"73.83325","-0.00405812029303432"
"73.838","-0.00144710701980921"
"73.84275","0.000604736253423166"
"73.8475","0.00209740952665571"
"73.85225","0.00431234404988867"
"73.857","0.00724953982312204"
"73.86175","0.00965086434635509"
"73.8665","0.0115163176195878"
"73.87125","0.0125663146428203"
"73.876","0.0128008554160526"
"73.88075","0.0131285911892847"
"73.8855","0.0135495219625157"
"73.89025","0.0132947889857475"
"73.895","0.0123643922589798"
"73.90465","0.0100955518561792"
"73.9093","0.00881981042891855"
"73.91395","0.00834235775166148"
"73.9186","0.00866319382440528"
"73.92325","0.00907526289714733"
"73.9279","0.0095785649698894"
"73.93255","0.0102415247926344"
"73.9372","0.0110641423653752"
"73.94185","0.010928813438118"
"73.9465","0.00983553801086146"
"73.95115","0.00897034508360539"
"73.9558","0.0083332346563485"
"73.96045","0.0081750974790924"
"73.9651","0.0084959335518362"
"73.96975","0.00922731812457878"
"73.9744","0.0103692511973184"
"73.97905","0.0104620047700617"
"73.9837","0.00950557884280556"
"73.98835","0.00902812616554716"
"73.993","0.00902964673829043"
"74.0046","0.00886274599502546"
"74.0092","0.0087288722175245"
"74.0138","0.00825655344002252"
"74.0184","0.0074457896625213"
"74.023","0.00715397488502001"
"74.0276","0.00738110910751866"
"74.0322","0.00711185733001818"
"74.0368","0.00634621955251724"
"74.0414","0.00542264077501686"
"74.046","0.00434112099751305"
"74.0506","0.00330472722001263"
"74.0552","0.0023134594425116"
"74.0598","0.00206677066500971"
"74.0644","0.00256466088750651"
"74.069","0.00263385411000483"
"74.0736","0.00227435033250334"
"74.0782","0.00166665355500184"
"74.0828","0.000810763777498558"
"74.0874","0"
"74.092","0"
"74.1047","0"
"74.1094","0"
"74.1141","0"
"74.1188","0"
"74.1235","0"
"74.1282","0"
"74.1329","0"
"74.1376","0"
"74.1423","0"
"74.147","0"
"74.1517","0"
"74.1564","0"
"74.1611","0"
"74.1658","0"
"74.1705","0"
"74.1752","0"
"74.1799","0"
"74.1846","0"
"74.1893","0"
"74.194","0"
"74.20465","0"
"74.2093","0"
"74.21395","0"
"74.2186","0"
"74.22325","0"
"74.2279","0"
"74.23255","0"
"74.2372","0"
"74.24185","0"
"74.2465","0"
"74.25115","0"
"74.2558","0"
"74.26045","0"
"74.2651","0"
"74.26975","0"
"74.2744","0"
"74.27905","0"
"74.2837","0"
"74.28835","0"
"74.293","0"
"74.30475","0"
"74.3095","0"
"74.31425","0"
"74.319","0"
"74.32375","0"
"74.3285","0"
"74.33325","0"
"74.338","0"
"74.34275","0"
"74.3475","0"
"74.35225","0"
"74.357","0"
"74.36175","0"
"74.3665","0"
"74.37125","0"
"74.376","0"
"74.38075","0"
"74.3855","0"
"74.39025","0"
"74.395","0"
"74.40465","0"
"74.4093","0"
"74.41395","0"
"74.4186","0"
"74.42325","0"
"74.4279","0"
"74.43255","0"
"74.4372","0"
"74.44185","0"
"74.4465","0"
"74.45115","0"
"74.4558","0"
"74.46045","0"
"74.4651","0"
"74.46975","0"
"74.4744","0"
"74.47905","0"
"74.4837","0"
"74.48835","0"
"74.493","0"
"74.5048","0"
"74.5096","0"
"74.5144","0"
"74.5192","0"
"74.524","0"
"74.5288","0"
"74.5336","0"
"74.5384","0"
"74.5432","0"
"74.548","0"
"74.5528","0"
"74.5576","0"
"74.5624","0"
"74.5672","0"
"74.572","0"
"74.5768","0"
"74.5816","0"
"74.5864","0"
"74.5912","0"
"74.596","0"
"74.6047","0"
"74.6094","0"
"74.6141","0"
"74.6188","0"
"74.6235","0"
"74.6282","0"
"74.6329","0"
"74.6376","0"
"74.6423","0"
"74.647","0"
"74.6517","0"
"74.6564","0"
"74.6611","0"
"74.6658","0"
"74.6705","0"
"74.6752","0"
"74.6799","0"
"74.6846","0"
"74.6893","0"
"74.694","0"
"74.7048","0"
"74.7096","0"
"74.7144","0"
"74.7192","0"
"74.724","0"
"74.7288","0"
"74.7336","0"
"74.7384","0"
"74.7432","0"
"74.748","0"
"74.7528","0"
"74.7576","0"
"74.7624","0"
"74.7672","0"
"74.772","0"
"74.7768","0"
"74.7816","0"
"74.7864","0"
"74.7912","0"
"74.796","0"
"74.8047","0"
"74.8094","0"
"74.8141","0"
"74.8188","0"
"74.8235","0"
"74.8282","0"
"74.8329","0"
"74.8376","0"
"74.8423","0"
"74.847","0"
"74.8517","0"
"74.8564","0"
"74.8611","0"
"74.8658","0"
"74.8705","0"
"74.8752","0"
"74.8799","0"
"74.8846","0"
"74.8893","0"
"74.894","0"
"74.90485","0"
"74.9097","0"
"74.91455","0"
"74.9194","0"
"74.92425","0"
"74.9291","0"
"74.93395","0"
"74.9388","0"
"74.94365","0"
"74.9485","0"
"74.95335","0"
"74.9582","0"
"74.96305","0"
"74.9679","0"
"74.97275","0"
"74.9776","0"
"74.98245","0"
"74.9873","0"
"74.99215","0"
"74.997","0"
"75.00475","0"
"75.0095","0"
"75.01425","0"
"75.019","0"
"75.02375","0"
"75.0285","0"
"75.03325","0"
"75.038","0"
"75.04275","0"
"75.0475","0"
"75.05225","0"
"75.057","0"
"75.06175","0"
"75.0665","0"
"75.07125","0"
"75.076","0"
"75.08075","0"
"75.0855","0"
"75.09025","0"
"75.095","0"
"75.10485","0"
"75.1097","0"
"75.11455","0"
"75.1194","0"
"75.12425","0"
"75.1291","0"
"75.13395","0"
"75.1388","0"
"75.14365","0"
"75.1485","0"
"75.15335","0"
"75.1582","0"
"75.16305","0"
"75.1679","0"
"75.17275","0"
"75.1776","0"
"75.18245","0"
"75.1873","0"
"75.19215","0"
"75.197","0"
"75.2048","0"
"75.2096","0"
"75.2144","0"
"75.2192","0"
"75.224","0"
"75.2288","0"
"75.2336","0"
"75.2384","0"
"75.2432","0"
"75.248","0"
"75.2528","0"
"75.2576","0"
"75.2624","0"
"75.2672","0"
"75.272","0"
"75.2768","0"
"75.2816","0"
"75.2864","0"
"75.2912","0"
"75.296","0"
"75.3049","0"
"75.3098","0"
"75.3147","0"
"75.3196","0"
"75.3245","0"
"75.3294","0"
"75.3343","0"
"75.3392","0"
"75.3441","0"
"75.349","0"
"75.3539","0"
"75.3588","0"
"75.3637","0"
"75.3686","0"
"75.3735","0"
"75.3784","0"
"75.3833","0"
"75.3882","0"
"75.3931","0"
"75.398","0"
"75.40485","0"
"75.4097","0"
"75.41455","0"
"75.4194","0"
"75.42425","0"
"75.4291","0"
"75.43395","0"
"75.4388","0"
"75.44365","0"
"75.4485","0"
"75.45335","0"
"75.4582","0"
"75.46305","0"
"75.4679","0"
"75.47275","0"
"75.4776","0"
"75.48245","0"
"75.4873","0"
"75.49215","0"
"75.497","0"
"75.50495","0"
"75.5099","0"
"75.51485","0"
"75.5198","0"
"75.52475","0"
"75.5297","0"
"75.53465","0"
"75.5396","0"
"75.54455","0"
"75.5495","0"
"75.55445","0"
"75.5594","0"
"75.56435","0"
"75.5693","0"
"75.57425","0"
"75.5792","0"
"75.58415","0"
"75.5891","0"
"75.59405","0"
"75.599","0"
"75.60485","0"
"75.6097","0"
"75.61455","0"
"75.6194","0"
"75.62425","0"
"75.6291","0"
"75.63395","0"
"75.6388","0"
"75.64365","0"
"75.6485","0"
"75.65335","0"
"75.6582","0"
"75.66305","0"
"75.6679","0"
"75.67275","0"
"75.6776","0"
"75.68245","0"
"75.6873","0"
"75.69215","0"
"75.697","0"
"75.7048","0"
"75.7096","0"
"75.7144","0"
"75.7192","0"
"75.724","0"
"75.7288","0"
"75.7336","0"
"75.7384","0"
"75.7432","0"
"75.748","0"
"75.7528","0"
"75.7576","0"
"75.7624","0"
"75.7672","0"
"75.772","0"
"75.7768","0"
"75.7816","0"
"75.7864","0"
"75.7912","0"
"75.796","0"
"75.8047","0"
"75.8094","0"
"75.8141","0"
"75.8188","0"
"75.8235","0"
"75.8282","0"
"75.8329","0"
"75.8376","0"
"75.8423","0"
"75.847","0"
"75.8517","0"
"75.8564","0"
"75.8611","0"
"75.8658","0"
"75.8705","0"
"75.8752","0"
"75.8799","0"
"75.8846","0"
"75.8893","0"
"75.894","0"
"75.9046","0"
"75.9092","0"
"75.9138","0"
"75.9184","0"
"75.923","0"
"75.9276","0"
"75.9322","0"
"75.9368","0"
"75.9414","0"
"75.946","0"
"75.9506","0"
"75.9552","0"
"75.9598","0"
"75.9644","0"
"75.969","0"
"75.9736","0"
"75.9782","0"
"75.9828","0"
"75.9874","0"
"75.992","0"
"76","0"
"76.00494737","0"
"76.00989474","0"
"76.01484211","0"
"76.01978947","0"
"76.02473684","0"
"76.02968421","0"
"76.03463158","0"
"76.03957895","0"
"76.04452632","0"
"76.04947368","0"
"76.05442105","0"
"76.05936842","0"
"76.06431579","0"
"76.06926316","0"
"76.07421053","0"
"76.07915789","0"
"76.08410526","0"
"76.08905263","0"
"76.094","0"
"76.1046","0"
"76.1092","0"
"76.1138","0"
"76.1184","0"
"76.123","0"
"76.1276","0"
"76.1322","0"
"76.1368","0"
"76.1414","0"
"76.146","0"
"76.1506","0"
"76.1552","0"
"76.1598","0"
"76.1644","0"
"76.169","0"
"76.1736","0"
"76.1782","0"
"76.1828","0"
"76.1874","0"
"76.192","0"
"76.2","0"
"76.2","0"
"76.20510526","0"
"76.21021053","0"
"76.21531579","0"
"76.22042105","0"
"76.22552632","0"
"76.23063158","0"
"76.23573684","0"
"76.24084211","0"
"76.24594737","0"
"76.25105263","0"
"76.25615789","0"
"76.26126316","0"
"76.26636842","0"
"76.27147368","0"
"76.27657895","0"
"76.28168421","0"
"76.28678947","0"
"76.29189474","0"
"76.297","0"
"76.30478947","0"
"76.30957895","0"
"76.31436842","0"
"76.31915789","0"
"76.32394737","0"
"76.32873684","0"
"76.33352632","0"
"76.33831579","0"
"76.34310526","0"
"76.34789474","0"
"76.35268421","0"
"76.35747368","0"
"76.36226316","0"
"76.36705263","0"
"76.37184211","0"
"76.37663158","0"
"76.38142105","0"
"76.38621053","0"
"76.391","0"
"76.4","0"
"76.4","0"
"76.40515789","0"
"76.41031579","0"
"76.41547368","0"
"76.42063158","0"
"76.42578947","0"
"76.43094737","0"
"76.43610526","0"
"76.44126316","0"
"76.44642105","0"
"76.45157895","0"
"76.45673684","0"
"76.46189474","0"
"76.46705263","0"
"76.47221053","0"
"76.47736842","0"
"76.48252632","0"
"76.48768421","0"
"76.49284211","0"
"76.498","0"
"76.50484211","0"
"76.50968421","0"
"76.51452632","0"
"76.51936842","0"
"76.52421053","0"
"76.52905263","0"
"76.53389474","0"
"76.53873684","0"
"76.54357895","0"
"76.54842105","0"
"76.55326316","0"
"76.55810526","0"
"76.56294737","0"
"76.56778947","0"
"76.57263158","0"
"76.57747368","0"
"76.58231579","0"
"76.58715789","0"
"76.592","0"
"76.6","0"
"76.60471429","0"
"76.60942857","0"
"76.61414286","0"
"76.61885714","0"
"76.62357143","0"
"76.62828571","0"
"76.633","0"
"76.63771429","0"
"76.64242857","0"
"76.64714286","0"
"76.65185714","0"
"76.65657143","0"
"76.66128571","0"
"76.666","0"
"76.67071429","0"
"76.67542857","0"
"76.68014286","0"
"76.68485714","0"
"76.68957143","0"
"76.69428571","0"
"76.699","0"
"76.70516667","0"
"76.71033333","0"
"76.7155","0"
"76.72066667","0"
"76.72583333","0"
"76.731","0"
"76.73616667","0"
"76.74133333","0"
"76.7465","0"
"76.75166667","0"
"76.75683333","0"
"76.762","0"
"76.76716667","0"
"76.77233333","0"
"76.7775","0"
"76.78266667","0"
"76.78783333","0"
"76.793","0"
"76.80455","0"
"76.8091","0"
"76.81365","0"
"76.8182","0"
"76.82275","0"
"76.8273","0"
"76.83185","0"
"76.8364","0"
"76.84095","0"
"76.8455","0"
"76.85005","0"
"76.8546","0"
"76.85915","0"
"76.8637","0"
"76.86825","0"
"76.8728","0"
"76.87735","0"
"76.8819","0"
"76.88645","0"
"76.891","0"
"76.9","0"
"76.9","0"
"76.90515789","0"
"76.91031579","0"
"76.91547368","0"
"76.92063158","0"
"76.92578947","0"
"76.93094737","0"
"76.93610526","0"
"76.94126316","0"
"76.94642105","0"
"76.95157895","0"
"76.95673684","0"
"76.96189474","0"
"76.96705263","0"
"76.97221053","0"
"76.97736842","0"
"76.98252632","0"
"76.98768421","0"
"76.99284211","0"
"76.998","0"
"77.00484211","0"
"77.00968421","0"
"77.01452632","0"
"77.01936842","0"
"77.02421053","0"
"77.02905263","0"
"77.03389474","0"
"77.03873684","0"
"77.04357895","0"
"77.04842105","0"
"77.05326316","0"
"77.05810526","0"
"77.06294737","0"
"77.06778947","0"
"77.07263158","0"
"77.07747368","0"
"77.08231579","0"
"77.08715789","0"
"77.092","0"
"77.1","0"
"77.1","0"
"77.10515789","0"
"77.11031579","0"
"77.11547368","0"
"77.12063158","0"
"77.12578947","0"
"77.13094737","0"
"77.13610526","0"
"77.14126316","0"
"77.14642105","0"
"77.15157895","0"
"77.15673684","0"
"77.16189474","0"
"77.16705263","0"
"77.17221053","0"
"77.17736842","0"
"77.18252632","0"
"77.18768421","0"
"77.19284211","0"
"77.198","0"
"77.20489474","0"
"77.20978947","0"
"77.21468421","0"
"77.21957895","0"
"77.22447368","0"
"77.22936842","0"
"77.23426316","0"
"77.23915789","0"
"77.24405263","0"
"77.24894737","0"
"77.25384211","0"
"77.25873684","0"
"77.26363158","0"
"77.26852632","0"
"77.27342105","0"
"77.27831579","0"
"77.28321053","0"
"77.28810526","0"
"77.293","0"
"77.30471429","0"
"77.30942857","0"
"77.31414286","0"
"77.31885714","0"
"77.32357143","0"
"77.32828571","0"
"77.333","0"
"77.33771429","0"
"77.34242857","0"
"77.34714286","0"
"77.35185714","0"
"77.35657143","0"
"77.36128571","0"
"77.366","0"
"77.37071429","0"
"77.37542857","0"
"77.38014286","0"
"77.38485714","0"
"77.38957143","0"
"77.39428571","0"
"77.399","0"
"77.40489474","0"
"77.40978947","0"
"77.41468421","0"
"77.41957895","0"
"77.42447368","0"
"77.42936842","0"
"77.43426316","0"
"77.43915789","0"
"77.44405263","0"
"77.44894737","0"
"77.45384211","0"
"77.45873684","0"
"77.46363158","0"
"77.46852632","0"
"77.47342105","0"
"77.47831579","0"
"77.48321053","0"
"77.48810526","0"
"77.493","0"
"77.5046","0"
"77.5092","0"
"77.5138","0"
"77.5184","0"
"77.523","0"
"77.5276","0"
"77.5322","0"
"77.5368","0"
"77.5414","0"
"77.546","0"
"77.5506","0"
"77.5552","0"
"77.5598","0"
"77.5644","0"
"77.569","0"
"77.5736","0"
"77.5782","0"
"77.5828","0"
"77.5874","0"
"77.592","0"
"77.6","0"
"77.60494737","0"
"77.60989474","0"
"77.61484211","0"
"77.61978947","0"
"77.62473684","0"
"77.62968421","0"
"77.63463158","0"
"77.63957895","0"
"77.64452632","0"
"77.64947368","0"
"77.65442105","0"
"77.65936842","0"
"77.66431579","0"
"77.66926316","0"
"77.67421053","0"
"77.67915789","0"
"77.68410526","0"
"77.68905263","0"
"77.694","0"
"77.70465","0"
"77.7093","0"
"77.71395","0"
"77.7186","0"
"77.72325","0"
"77.7279","0"
"77.73255","0"
"77.7372","0"
"77.74185","0"
"77.7465","0"
"77.75115","0"
"77.7558","0"
"77.76045","0"
"77.7651","0"
"77.76975","0"
"77.7744","0"
"77.77905","0"
"77.7837","0"
"77.78835","0"
"77.793","0"
"77.8","0"
"77.805","0"
"77.81","0"
"77.815","0"
"77.82","0"
"77.825","0"
"77.83","0"
"77.835","0"
"77.84","0"
"77.845","0"
"77.85","0"
"77.855","0"
"77.86","0"
"77.865","0"
"77.87","0"
"77.875","0"
"77.88","0"
"77.885","0"
"77.89","0"
"77.895","0"
"77.90465","0"
"77.9093","0"
"77.91395","0"
"77.9186","0"
"77.92325","0"
"77.9279","0"
"77.93255","0"
"77.9372","0"
"77.94185","0"
"77.9465","0"
"77.95115","0"
"77.9558","0"
"77.96045","0"
"77.9651","0"
"77.96975","0"
"77.9744","0"
"77.97905","0"
"77.9837","0"
"77.98835","0"
"77.993","0"
"78.00475","0"
"78.0095","0"
"78.01425","0"
"78.019","0"
"78.02375","0"
"78.0285","0"
"78.03325","0"
"78.038","0"
"78.04275","0"
"78.0475","0"
"78.05225","0"
"78.057","0"
"78.06175","0"
"78.0665","0"
"78.07125","0"
"78.076","0"
"78.08075","0"
"78.0855","0"
"78.09025","0"
"78.095","0"
"78.1047","0"
"78.1094","0"
"78.1141","0"
"78.1188","0"
"78.1235","0"
"78.1282","0"
"78.1329","0"
"78.1376","0"
"78.1423","0"
"78.147","0"
"78.1517","0"
"78.1564","0"
"78.1611","0"
"78.1658","0"
"78.1705","0"
"78.1752","0"
"78.1799","0"
"78.1846","0"
"78.1893","0"
"78.194","0"
"78.2046","0"
"78.2092","0"
"78.2138","0"
"78.2184","0"
"78.223","0"
"78.2276","0"
"78.2322","0"
"78.2368","0"
"78.2414","0"
"78.246","0"
"78.2506","0"
"78.2552","0"
"78.2598","0"
"78.2644","0"
"78.269","0"
"78.2736","0"
"78.2782","0"
"78.2828","0"
"78.2874","0"
"78.292","0"
"78.30455","0"
"78.3091","0"
"78.31365","0"
"78.3182","0"
"78.32275","0"
"78.3273","0"
"78.33185","0"
"78.3364","0"
"78.34095","0"
"78.3455","0"
"78.35005","0"
"78.3546","0"
"78.35915","0"
"78.3637","0"
"78.36825","0"
"78.3728","0"
"78.37735","0"
"78.3819","0"
"78.38645","0"
"78.391","0"
"78.40465","0"
"78.4093","0"
"78.41395","0"
"78.4186","0"
"78.42325","0"
"78.4279","0"
"78.43255","0"
"78.4372","0"
"78.44185","0"
"78.4465","0"
"78.45115","0"
"78.4558","0"
"78.46045","0"
"78.4651","0"
"78.46975","0"
"78.4744","0"
"78.47905","0"
"78.4837","0"
"78.48835","0"
"78.493","0"
"78.50455","0"
"78.5091","0"
"78.51365","0"
"78.5182","0"
"78.52275","0"
"78.5273","0"
"78.53185","0"
"78.5364","0"
"78.54095","0"
"78.5455","0"
"78.55005","0"
"78.5546","0"
"78.55915","0"
"78.5637","0"
"78.56825","0"
"78.5728","0"
"78.57735","0"
"78.5819","0"
"78.58645","0"
"78.591","0"
"78.6047","0"
"78.6094","0"
"78.6141","0"
"78.6188","0"
"78.6235","0"
"78.6282","0"
"78.6329","0"
"78.6376","0"
"78.6423","0"
"78.647","0"
"78.6517","0"
"78.6564","0"
"78.6611","0"
"78.6658","0"
"78.6705","0"
"78.6752","0"
"78.6799","0"
"78.6846","0"
"78.6893","0"
"78.694","0"
"78.7046","0"
"78.7092","0"
"78.7138","0"
"78.7184","0"
"78.723","0"
"78.7276","0"
"78.7322","0"
"78.7368","0"
"78.7414","0"
"78.746","0"
"78.7506","0"
"78.7552","0"
"78.7598","0"
"78.7644","0"
"78.769","0"
"78.7736","0"
"78.7782","0"
"78.7828","0"
"78.7874","0"
"78.792","0"
"78.8047","0"
"78.8094","0"
"78.8141","0"
"78.8188","0"
"78.8235","0"
"78.8282","0"
"78.8329","0"
"78.8376","0"
"78.8423","0"
"78.847","0"
"78.8517","0"
"78.8564","0"
"78.8611","0"
"78.8658","0"
"78.8705","0"
"78.8752","0"
"78.8799","0"
"78.8846","0"
"78.8893","0"
"78.894","0"
"78.90465","0"
"78.9093","0"
"78.91395","0"
"78.9186","0"
"78.92325","0"
"78.9279","0"
"78.93255","0"
"78.9372","0"
"78.94185","0"
"78.9465","0"
"78.95115","0"
"78.9558","0"
"78.96045","0"
"78.9651","0"
"78.96975","0"
"78.9744","0"
"78.97905","0"
"78.9837","0"
"78.98835","0"
"78.993","0"
"79.00475","0"
"79.0095","0"
"79.01425","0"
"79.019","0"
"79.02375","0"
"79.0285","0"
"79.03325","0"
"79.038","0"
"79.04275","0"
"79.0475","0"
"79.05225","0"
"79.057","0"
"79.06175","0"
"79.0665","0"
"79.07125","0"
"79.076","0"
"79.08075","0"
"79.0855","0"
"79.09025","0"
"79.095","0"
"79.10465","0"
"79.1093","0"
"79.11395","0"
"79.1186","0"
"79.12325","0"
"79.1279","0"
"79.13255","0"
"79.1372","0"
"79.14185","0"
"79.1465","0"
"79.15115","0"
"79.1558","0"
"79.16045","0"
"79.1651","0"
"79.16975","0"
"79.1744","0"
"79.17905","0"
"79.1837","0"
"79.18835","0"
"79.193","0"
"79.20475","0"
"79.2095","0"
"79.21425","0"
"79.219","0"
"79.22375","0"
"79.2285","0"
"79.23325","0"
"79.238","0"
"79.24275","0"
"79.2475","0"
"79.25225","0"
"79.257","0"
"79.26175","0"
"79.2665","0"
"79.27125","0"
"79.276","0"
"79.28075","0"
"79.2855","0"
"79.29025","0"
"79.295","0"
"79.3047","0"
"79.3094","0"
"79.3141","0"
"79.3188","0"
"79.3235","0"
"79.3282","0"
"79.3329","0"
"79.3376","0"
"79.3423","0"
"79.347","0"
"79.3517","0"
"79.3564","0"
"79.3611","0"
"79.3658","0"
"79.3705","0"
"79.3752","0"
"79.3799","0"
"79.3846","0"
"79.3893","0"
"79.394","0"
"79.4046","0"
"79.4092","0"
"79.4138","0"
"79.4184","0"
"79.423","0"
"79.4276","0"
"79.4322","0"
"79.4368","0"
"79.4414","0"
"79.446","0"
"79.4506","0"
"79.4552","0"
"79.4598","0"
"79.4644","0"
"79.469","0"
"79.4736","0"
"79.4782","0"
"79.4828","0"
"79.4874","0"
"79.492","0"
"79.5","0"
"79.50495","0"
"79.5099","0"
"79.51485","0"
"79.5198","0"
"79.52475","0"
"79.5297","0"
"79.53465","0"
"79.5396","0"
"79.54455","0"
"79.5495","0"
"79.55445","0"
"79.5594","0"
"79.56435","0"
"79.5693","0"
"79.57425","0"
"79.5792","0"
"79.58415","0"
"79.5891","0"
"79.59405","0"
"79.599","0"
"79.60489474","0"
"79.60978947","0"
"79.61468421","0"
"79.61957895","0"
"79.62447368","0"
"79.62936842","0"
"79.63426316","0"
"79.63915789","0"
"79.64405263","0"
"79.64894737","0"
"79.65384211","0"
"79.65873684","0"
"79.66363158","0"
"79.66852632","0"
"79.67342105","0"
"79.67831579","0"
"79.68321053","0"
"79.68810526","0"
"79.693","0"
"79.70471429","0"
"79.70942857","0"
"79.71414286","0"
"79.71885714","0"
"79.72357143","0"
"79.72828571","0"
"79.733","0"
"79.73771429","0"
"79.74242857","0"
"79.74714286","0"
"79.75185714","0"
"79.75657143","0"
"79.76128571","0"
"79.766","0"
"79.77071429","0"
"79.77542857","0"
"79.78014286","0"
"79.78485714","0"
"79.78957143","0"
"79.79428571","0"
"79.799","0"
"79.80489474","0"
"79.80978947","0"
"79.81468421","0"
"79.81957895","0"
"79.82447368","0"
"79.82936842","0"
"79.83426316","0"
"79.83915789","0"
"79.84405263","0"
"79.84894737","0"
"79.85384211","0"
"79.85873684","0"
"79.86363158","0"
"79.86852632","0"
"79.87342105","0"
"79.87831579","0"
"79.88321053","0"
"79.88810526","0"
"79.893","0"
"79.9046","0"
"79.9092","0"
"79.9138","0"
"79.9184","0"
"79.923","0"
"79.9276","0"
"79.9322","0"
"79.9368","0"
"79.9414","0"
"79.946","0"
"79.9506","0"
"79.9552","0"
"79.9598","0"
"79.9644","0"
"79.969","0"
"79.9736","0"
"79.9782","0"
"79.9828","0"
"79.9874","0"
"79.992","0"
"80","0"
"80","0"
"80.005","0"
"80.01","0"
"80.015","0"
"80.02","0"
"80.025","0"
"80.03","0"
"80.035","0"
"80.04","0"
"80.045","0"
"80.05","0"
"80.055","0"
"80.06","0"
"80.065","0"
"80.07","0"
"80.075","0"
"80.08","0"
"80.085","0"
"80.09","0"
"80.10465","0"
"80.1093","0"
"80.11395","0"
"80.1186","0"
"80.12325","0"
"80.1279","0"
"80.13255","0"
"80.1372","0"
"80.14185","0"
"80.1465","0"
"80.15115","0"
"80.1558","0"
"80.16045","0"
"80.1651","0"
"80.16975","0"
"80.1744","0"
"80.17905","0"
"80.1837","0"
"80.18835","0"
"80.193","0"
"80.20471429","0"
"80.20942857","0"
"80.21414286","0"
"80.21885714","0"
"80.22357143","0"
"80.22828571","0"
"80.233","0"
"80.23771429","0"
"80.24242857","0"
"80.24714286","0"
"80.25185714","0"
"80.25657143","0"
"80.26128571","0"
"80.266","0"
"80.27071429","0"
"80.27542857","0"
"80.28014286","0"
"80.28485714","0"
"80.28957143","0"
"80.29428571","0"
"80.299","0"
"80.30489474","0"
"80.30978947","0"
"80.31468421","0"
"80.31957895","0"
"80.32447368","0"
"80.32936842","0"
"80.33426316","0"
"80.33915789","0"
"80.34405263","0"
"80.34894737","0"
"80.35384211","0"
"80.35873684","0"
"80.36363158","0"
"80.36852632","0"
"80.37342105","0"
"80.37831579","0"
"80.38321053","0"
"80.38810526","0"
"80.393","0"
"80.4046","0"
"80.4092","0"
"80.4138","0"
"80.4184","0"
"80.423","0"
"80.4276","0"
"80.4322","0"
"80.4368","0"
"80.4414","0"
"80.446","0"
"80.4506","0"
"80.4552","0"
"80.4598","0"
"80.4644","0"
"80.469","0"
"80.4736","0"
"80.4782","0"
"80.4828","0"
"80.4874","0"
"80.492","0"
"80.5","0"
"80.50494737","0"
"80.50989474","0"
"80.51484211","0"
"80.51978947","0"
"80.52473684","0"
"80.52968421","0"
"80.53463158","0"
"80.53957895","0"
"80.54452632","0"
"80.54947368","0"
"80.55442105","0"
"80.55936842","0"
"80.56431579","0"
"80.56926316","0"
"80.57421053","0"
"80.57915789","0"
"80.58410526","0"
"80.58905263","0"
"80.594","0"
"80.60465","0"
"80.6093","0"
"80.61395","0"
"80.6186","0"
"80.62325","0"
"80.6279","0"
"80.63255","0"
"80.6372","0"
"80.64185","0"
"80.6465","0"
"80.65115","0"
"80.6558","0"
"80.66045","0"
"80.6651","0"
"80.66975","0"
"80.6744","0"
"80.67905","0"
"80.6837","0"
"80.68835","0"
"80.693","0"
"80.70475","0"
"80.7095","0"
"80.71425","0"
"80.719","0"
"80.72375","0"
"80.7285","0"
"80.73325","0"
"80.738","0"
"80.74275","0"
"80.7475","0"
"80.75225","0"
"80.757","0"
"80.76175","0"
"80.7665","0"
"80.77125","0"
"80.776","0"
"80.78075","0"
"80.7855","0"
"80.79025","0"
"80.795","0"
"80.80465","0"
"80.8093","0"
"80.81395","0"
"80.8186","0"
"80.82325","0"
"80.8279","0"
"80.83255","0"
"80.8372","0"
"80.84185","0"
"80.8465","0"
"80.85115","0"
"80.8558","0"
"80.86045","0"
"80.8651","0"
"80.86975","0"
"80.8744","0"
"80.87905","0"
"80.8837","0"
"80.88835","0"
"80.893","0"
"80.90475","0"
"80.9095","0"
"80.91425","0"
"80.919","0"
"80.92375","0"
"80.9285","0"
"80.93325","0"
"80.938","0"
"80.94275","0"
"80.9475","0"
"80.95225","0"
"80.957","0"
"80.96175","0"
"80.9665","0"
"80.97125","0"
"80.976","0"
"80.98075","0"
"80.9855","0"
"80.99025","0"
"80.995","0"
"81.0047","0"
"81.0094","0"
"81.0141","0"
"81.0188","0"
"81.0235","0"
"81.0282","0"
"81.0329","0"
"81.0376","0"
"81.0423","0"
"81.047","0"
"81.0517","0"
"81.0564","0"
"81.0611","0"
"81.0658","0"
"81.0705","0"
"81.0752","0"
"81.0799","0"
"81.0846","0"
"81.0893","0"
"81.094","0"
"81.1048","0"
"81.1096","0"
"81.1144","0"
"81.1192","0"
"81.124","0"
"81.1288","0"
"81.1336","0"
"81.1384","0"
"81.1432","0"
"81.148","0"
"81.1528","0"
"81.1576","0"
"81.1624","0"
"81.1672","0"
"81.172","0"
"81.1768","0"
"81.1816","0"
"81.1864","0"
"81.1912","0"
"81.196","0"
"81.20475","0"
"81.2095","0"
"81.21425","0"
"81.219","0"
"81.22375","0"
"81.2285","0"
"81.23325","0"
"81.238","0"
"81.24275","0"
"81.2475","0"
"81.25225","0"
"81.257","0"
"81.26175","0"
"81.2665","0"
"81.27125","0"
"81.276","0"
"81.28075","0"
"81.2855","0"
"81.29025","0"
"81.295","0"
"81.30485","0"
"81.3097","0"
"81.31455","0"
"81.3194","0"
"81.32425","0"
"81.3291","0"
"81.33395","0"
"81.3388","0"
"81.34365","0"
"81.3485","0"
"81.35335","0"
"81.3582","0"
"81.36305","0"
"81.3679","0"
"81.37275","0"
"81.3776","0"
"81.38245","0"
"81.3873","0"
"81.39215","0"
"81.397","0"
"81.40475","0"
"81.4095","0"
"81.41425","0"
"81.419","0"
"81.42375","0"
"81.4285","0"
"81.43325","0"
"81.438","0"
"81.44275","0"
"81.4475","0"
"81.45225","0"
"81.457","0"
"81.46175","0"
"81.4665","0"
"81.47125","0"
"81.476","0"
"81.48075","0"
"81.4855","0"
"81.49025","0"
"81.495","0"
"81.50485","0"
"81.5097","0"
"81.51455","0"
"81.5194","0"
"81.52425","0"
"81.5291","0"
"81.53395","0"
"81.5388","0"
"81.54365","0"
"81.5485","0"
"81.55335","0"
"81.5582","0"
"81.56305","0"
"81.5679","0"
"81.57275","0"
"81.5776","0"
"81.58245","0"
"81.5873","0"
"81.59215","0"
"81.597","0"
"81.6048","0"
"81.6096","0"
"81.6144","0"
"81.6192","0"
"81.624","0"
"81.6288","0"
"81.6336","0"
"81.6384","0"
"81.6432","0"
"81.648","0"
"81.6528","0"
"81.6576","0"
"81.6624","0"
"81.6672","0"
"81.672","0"
"81.6768","0"
"81.6816","0"
"81.6864","0"
"81.6912","0"
"81.696","0"
"81.7047","0"
"81.7094","0"
"81.7141","0"
"81.7188","0"
"81.7235","0"
"81.7282","0"
"81.7329","0"
"81.7376","0"
"81.7423","0"
"81.747","0"
"81.7517","0"
"81.7564","0"
"81.7611","0"
"81.7658","0"
"81.7705","0"
"81.7752","0"
"81.7799","0"
"81.7846","0"
"81.7893","0"
"81.794","0"
"81.80485","0"
"81.8097","0"
"81.81455","0"
"81.8194","0"
"81.82425","0"
"81.8291","0"
"81.83395","0"
"81.8388","0"
"81.84365","0"
"81.8485","0"
"81.85335","0"
"81.8582","0"
"81.86305","0"
"81.8679","0"
"81.87275","0"
"81.8776","0"
"81.88245","0"
"81.8873","0"
"81.89215","0"
"81.897","0"
"81.9","0"
"81.905","0"
"81.91","0"
"81.915","0"
"81.92","0"
"81.925","0"
"81.93","0"
"81.935","0"
"81.94","0"
"81.945","0"
"81.95","0"
"81.955","0"
"81.96","0"
"81.965","0"
"81.97","0"
"81.975","0"
"81.98","0"
"81.985","0"
"81.99","0"
"81.995","0"
"82.00485","0"
"82.0097","0"
"82.01455","0"
"82.0194","0"
"82.02425","0"
"82.0291","0"
"82.03395","0"
"82.0388","0"
"82.04365","0"
"82.0485","0"
"82.05335","0"
"82.0582","0"
"82.06305","0"
"82.0679","0"
"82.07275","0"
"82.0776","0"
"82.08245","0"
"82.0873","0"
"82.09215","0"
"82.097","0"
"82.1048","0"
"82.1096","0"
"82.1144","0"
"82.1192","0"
"82.124","0"
"82.1288","0"
"82.1336","0"
"82.1384","0"
"82.1432","0"
"82.148","0"
"82.1528","0"
"82.1576","0"
"82.1624","0"
"82.1672","0"
"82.172","0"
"82.1768","0"
"82.1816","0"
"82.1864","0"
"82.1912","0"
"82.196","0"
"82.2049","0"
"82.2098","0"
"82.2147","0"
"82.2196","0"
"82.2245","0"
"82.2294","0"
"82.2343","0"
"82.2392","0"
"82.2441","0"
"82.249","0"
"82.2539","0"
"82.2588","0"
"82.2637","0"
"82.2686","0"
"82.2735","0"
"82.2784","0"
"82.2833","0"
"82.2882","0"
"82.2931","0"
"82.298","0"
"82.3048","0"
"82.3096","0"
"82.3144","0"
"82.3192","0"
"82.324","0"
"82.3288","0"
"82.3336","0"
"82.3384","0"
"82.3432","0"
"82.348","0"
"82.3528","0"
"82.3576","0"
"82.3624","0"
"82.3672","0"
"82.372","0"
"82.3768","0"
"82.3816","0"
"82.3864","0"
"82.3912","0"
"82.396","0"
"82.40495","0"
"82.4099","0"
"82.41485","0"
"82.4198","0"
"82.42475","0"
"82.4297","0"
"82.43465","0"
"82.4396","0"
"82.44455","0"
"82.4495","0"
"82.45445","0"
"82.4594","0"
"82.46435","0"
"82.4693","0"
"82.47425","0"
"82.4792","0"
"82.48415","0"
"82.4891","0"
"82.49405","0"
"82.499","0"
"82.50485","0"
"82.5097","0"
"82.51455","0"
"82.5194","0"
"82.52425","0"
"82.5291","0"
"82.53395","0"
"82.5388","0"
"82.54365","0"
"82.5485","0"
"82.55335","0"
"82.5582","0"
"82.56305","0"
"82.5679","0"
"82.57275","0"
"82.5776","0"
"82.58245","0"
"82.5873","0"
"82.59215","0"
"82.597","0"
"82.60495","0"
"82.6099","0"
"82.61485","0"
"82.6198","0"
"82.62475","0"
"82.6297","0"
"82.63465","0"
"82.6396","0"
"82.64455","0"
"82.6495","0"
"82.65445","0"
"82.6594","0"
"82.66435","0"
"82.6693","0"
"82.67425","0"
"82.6792","0"
"82.68415","0"
"82.6891","0"
"82.69405","0"
"82.699","0"
"82.7049","0"
"82.7098","0"
"82.7147","0"
"82.7196","0"
"82.7245","0"
"82.7294","0"
"82.7343","0"
"82.7392","0"
"82.7441","0"
"82.749","0"
"82.7539","0"
"82.7588","0"
"82.7637","0"
"82.7686","0"
"82.7735","0"
"82.7784","0"
"82.7833","0"
"82.7882","0"
"82.7931","0"
"82.798","0"
"82.8048","0"
"82.8096","0"
"82.8144","0"
"82.8192","0"
"82.824","0"
"82.8288","0"
"82.8336","0"
"82.8384","0"
"82.8432","0"
"82.848","0"
"82.8528","0"
"82.8576","0"
"82.8624","0"
"82.8672","0"
"82.872","0"
"82.8768","0"
"82.8816","0"
"82.8864","0"
"82.8912","0"
"82.896","0"
"82.9047","0"
"82.9094","0"
"82.9141","0"
"82.9188","0"
"82.9235","0"
"82.9282","0"
"82.9329","0"
"82.9376","0"
"82.9423","0"
"82.947","0"
"82.9517","0"
"82.9564","0"
"82.9611","0"
"82.9658","0"
"82.9705","0"
"82.9752","0"
"82.9799","0"
"82.9846","0"
"82.9893","0"
"82.994","0"
"83.00465","0"
"83.0093","0"
"83.01395","0"
"83.0186","0"
"83.02325","0"
"83.0279","0"
"83.03255","0"
"83.0372","0"
"83.04185","0"
"83.0465","0"
"83.05115","0"
"83.0558","0"
"83.06045","0"
"83.0651","0"
"83.06975","0"
"83.0744","0"
"83.07905","0"
"83.0837","0"
"83.08835","0"
"83.093","0"
"83.10475","0"
"83.1095","0"
"83.11425","0"
"83.119","0"
"83.12375","0"
"83.1285","0"
"83.13325","0"
"83.138","0"
"83.14275","0"
"83.1475","0"
"83.15225","0"
"83.157","0"
"83.16175","0"
"83.1665","0"
"83.17125","0"
"83.176","0"
"83.18075","0"
"83.1855","0"
"83.19025","0"
"83.195","0"
"83.20465","0"
"83.2093","0"
"83.21395","0"
"83.2186","0"
"83.22325","0"
"83.2279","0"
"83.23255","0"
"83.2372","0"
"83.24185","0"
"83.2465","0"
"83.25115","0"
"83.2558","0"
"83.26045","0"
"83.2651","0"
"83.26975","0"
"83.2744","0"
"83.27905","0"
"83.2837","0"
"83.28835","0"
"83.293","0"
"83.3046","0"
"83.3092","0"
"83.3138","0"
"83.3184","0"
"83.323","0"
"83.3276","0"
"83.3322","0"
"83.3368","0"
"83.3414","0"
"83.346","0"
"83.3506","0"
"83.3552","0"
"83.3598","0"
"83.3644","0"
"83.369","0"
"83.3736","0"
"83.3782","0"
"83.3828","0"
"83.3874","0"
"83.392","0"
"83.4047","0"
"83.4094","0"
"83.4141","0"
"83.4188","0"
"83.4235","0"
"83.4282","0"
"83.4329","0"
"83.4376","0"
"83.4423","0"
"83.447","0"
"83.4517","0"
"83.4564","0"
"83.4611","0"
"83.4658","0"
"83.4705","0"
"83.4752","0"
"83.4799","0"
"83.4846","0"
"83.4893","0"
"83.494","0"
"83.50465","0"
"83.5093","0"
"83.51395","0"
"83.5186","0"
"83.52325","0"
"83.5279","0"
"83.53255","0"
"83.5372","0"
"83.54185","0"
"83.5465","0"
"83.55115","0"
"83.5558","0"
"83.56045","0"
"83.5651","0"
"83.56975","0"
"83.5744","0"
"83.57905","0"
"83.5837","0"
"83.58835","0"
"83.593","0"
"83.60475","0"
"83.6095","0"
"83.61425","0"
"83.619","0"
"83.62375","0"
"83.6285","0"
"83.63325","0"
"83.638","0"
"83.64275","0"
"83.6475","0"
"83.65225","0"
"83.657","0"
"83.66175","0"
"83.6665","0"
"83.67125","0"
"83.676","0"
"83.68075","0"
"83.6855","0"
"83.69025","0"
"83.695","0"
"83.70465","0"
"83.7093","0"
"83.71395","0"
"83.7186","0"
"83.72325","0"
"83.7279","0"
"83.73255","0"
"83.7372","0"
"83.74185","0"
"83.7465","0"
"83.75115","0"
"83.7558","0"
"83.76045","0"
"83.7651","0"
"83.76975","0"
"83.7744","0"
"83.77905","0"
"83.7837","0"
"83.78835","0"
"83.793","0"
"83.80475","0"
"83.8095","0"
"83.81425","0"
"83.819","0"
"83.82375","0"
"83.8285","0"
"83.83325","0"
"83.838","0"
"83.84275","0"
"83.8475","0"
"83.85225","0"
"83.857","0"
"83.86175","0"
"83.8665","0"
"83.87125","0"
"83.876","0"
"83.88075","0"
"83.8855","0"
"83.89025","0"
"83.895","0"
"83.9047","0"
"83.9094","0"
"83.9141","0"
"83.9188","0"
"83.9235","0"
"83.9282","0"
"83.9329","0"
"83.9376","0"
"83.9423","0"
"83.947","0"
"83.9517","0"
"83.9564","0"
"83.9611","0"
"83.9658","0"
"83.9705","0"
"83.9752","0"
"83.9799","0"
"83.9846","0"
"83.9893","0"
"83.994","0"
"84.0046","0"
"84.0092","0"
"84.0138","0"
"84.0184","0"
"84.023","0"
"84.0276","0"
"84.0322","0"
"84.0368","0"
"84.0414","0"
"84.046","0"
"84.0506","0"
"84.0552","0"
"84.0598","0"
"84.0644","0"
"84.069","0"
"84.0736","0"
"84.0782","0"
"84.0828","0"
"84.0874","0"
"84.092","0"
"84.1047","0"
"84.1094","0"
"84.1141","0"
"84.1188","0"
"84.1235","0"
"84.1282","0"
"84.1329","0"
"84.1376","0"
"84.1423","0"
"84.147","0"
"84.1517","0"
"84.1564","0"
"84.1611","0"
"84.1658","0"
"84.1705","0"
"84.1752","0"
"84.1799","0"
"84.1846","0"
"84.1893","0"
"84.194","0"
"84.20465","0"
"84.2093","0"
"84.21395","0"
"84.2186","0"
"84.22325","0"
"84.2279","0"
"84.23255","0"
"84.2372","0"
"84.24185","0"
"84.2465","0"
"84.25115","0"
"84.2558","0"
"84.26045","0"
"84.2651","0"
"84.26975","0"
"84.2744","0"
"84.27905","0"
"84.2837","0"
"84.28835","0"
"84.293","0"
"84.30475","0"
"84.3095","0"
"84.31425","0"
"84.319","0"
"84.32375","0"
"84.3285","0"
"84.33325","0"
"84.338","0"
"84.34275","0"
"84.3475","0"
"84.35225","0"
"84.357","0"
"84.36175","0"
"84.3665","0"
"84.37125","0"
"84.376","0"
"84.38075","0"
"84.3855","0"
"84.39025","0"
"84.395","0"
"84.4047","0"
"84.4094","0"
"84.4141","0"
"84.4188","0"
"84.4235","0"
"84.4282","0"
"84.4329","0"
"84.4376","0"
"84.4423","0"
"84.447","0"
"84.4517","0"
"84.4564","0"
"84.4611","0"
"84.4658","0"
"84.4705","0"
"84.4752","0"
"84.4799","0"
"84.4846","0"
"84.4893","0"
"84.494","0"
"84.5048","0"
"84.5096","0"
"84.5144","0"
"84.5192","0"
"84.524","0"
"84.5288","0"
"84.5336","0"
"84.5384","0"
"84.5432","0"
"84.548","0"
"84.5528","0"
"84.5576","0"
"84.5624","0"
"84.5672","0"
"84.572","0"
"84.5768","0"
"84.5816","0"
"84.5864","0"
"84.5912","0"
"84.596","0"
"84.6047","0"
"84.6094","0"
"84.6141","0"
"84.6188","0"
"84.6235","0"
"84.6282","0"
"84.6329","0"
"84.6376","0"
"84.6423","0"
"84.647","0"
"84.6517","0"
"84.6564","0"
"84.6611","0"
"84.6658","0"
"84.6705","0"
"84.6752","0"
"84.6799","0"
"84.6846","0"
"84.6893","0"
"84.694","0"
"84.70485","0"
"84.7097","0"
"84.71455","0"
"84.7194","0"
"84.72425","0"
"84.7291","0"
"84.73395","0"
"84.7388","0"
"84.74365","0"
"84.7485","0"
"84.75335","0"
"84.7582","0"
"84.76305","0"
"84.7679","0"
"84.77275","0"
"84.7776","0"
"84.78245","0"
"84.7873","0"
"84.79215","0"
"84.797","0"
"84.80475","0"
"84.8095","0"
"84.81425","0"
"84.819","0"
"84.82375","0"
"84.8285","0"
"84.83325","0"
"84.838","0"
"84.84275","0"
"84.8475","0"
"84.85225","0"
"84.857","0"
"84.86175","0"
"84.8665","0"
"84.87125","0"
"84.876","0"
"84.88075","0"
"84.8855","0"
"84.89025","0"
"84.895","0"
"84.90485","0"
"84.9097","0"
"84.91455","0"
"84.9194","0"
"84.92425","0"
"84.9291","0"
"84.93395","0"
"84.9388","0"
"84.94365","0"
"84.9485","0"
"84.95335","0"
"84.9582","0"
"84.96305","0"
"84.9679","0"
"84.97275","0"
"84.9776","0"
"84.98245","0"
"84.9873","0"
"84.99215","0"
"84.997","0"
"85.00475","0"
"85.0095","0"
"85.01425","0"
"85.019","0"
"85.02375","0"
"85.0285","0"
"85.03325","0"
"85.038","0"
"85.04275","0"
"85.0475","0"
"85.05225","0"
"85.057","0"
"85.06175","0"
"85.0665","0"
"85.07125","0"
"85.076","0"
"85.08075","0"
"85.0855","0"
"85.09025","0"
"85.095","0"
"85.10485","0"
"85.1097","0"
"85.11455","0"
"85.1194","0"
"85.12425","0"
"85.1291","0"
"85.13395","0"
"85.1388","0"
"85.14365","0"
"85.1485","0"
"85.15335","0"
"85.1582","0"
"85.16305","0"
"85.1679","0"
"85.17275","0"
"85.1776","0"
"85.18245","0"
"85.1873","0"
"85.19215","0"
"85.197","0"
"85.20475","0"
"85.2095","0"
"85.21425","0"
"85.219","0"
"85.22375","0"
"85.2285","0"
"85.23325","0"
"85.238","0"
"85.24275","0"
"85.2475","0"
"85.25225","0"
"85.257","0"
"85.26175","0"
"85.2665","0"
"85.27125","0"
"85.276","0"
"85.28075","0"
"85.2855","0"
"85.29025","0"
"85.295","0"
"85.30485","0"
"85.3097","0"
"85.31455","0"
"85.3194","0"
"85.32425","0"
"85.3291","0"
"85.33395","0"
"85.3388","0"
"85.34365","0"
"85.3485","0"
"85.35335","0"
"85.3582","0"
"85.36305","0"
"85.3679","0"
"85.37275","0"
"85.3776","0"
"85.38245","0"
"85.3873","0"
"85.39215","0"
"85.397","0"
"85.4048","0"
"85.4096","0"
"85.4144","0"
"85.4192","0"
"85.424","0"
"85.4288","0"
"85.4336","0"
"85.4384","0"
"85.4432","0"
"85.448","0"
"85.4528","0"
"85.4576","0"
"85.4624","0"
"85.4672","0"
"85.472","0"
"85.4768","0"
"85.4816","0"
"85.4864","0"
"85.4912","0"
"85.496","0"
"85.5049","0"
"85.5098","0"
"85.5147","0"
"85.5196","0"
"85.5245","0"
"85.5294","0"
"85.5343","0"
"85.5392","0"
"85.5441","0"
"85.549","0"
"85.5539","0"
"85.5588","0"
"85.5637","0"
"85.5686","0"
"85.5735","0"
"85.5784","0"
"85.5833","0"
"85.5882","0"
"85.5931","0"
"85.598","0"
"85.60485","0"
"85.6097","0"
"85.61455","0"
"85.6194","0"
"85.62425","0"
"85.6291","0"
"85.63395","0"
"85.6388","0"
"85.64365","0"
"85.6485","0"
"85.65335","0"
"85.6582","0"
"85.66305","0"
"85.6679","0"
"85.67275","0"
"85.6776","0"
"85.68245","0"
"85.6873","0"
"85.69215","0"
"85.697","0"
"85.70495","0"
"85.7099","0"
"85.71485","0"
"85.7198","0"
"85.72475","0"
"85.7297","0"
"85.73465","0"
"85.7396","0"
"85.74455","0"
"85.7495","0"
"85.75445","0"
"85.7594","0"
"85.76435","0"
"85.7693","0"
"85.77425","0"
"85.7792","0"
"85.78415","0"
"85.7891","0"
"85.79405","0"
"85.799","0"
"85.8049","0"
"85.8098","0"
"85.8147","0"
"85.8196","0"
"85.8245","0"
"85.8294","0"
"85.8343","0"
"85.8392","0"
"85.8441","0"
"85.849","0"
"85.8539","0"
"85.8588","0"
"85.8637","0"
"85.8686","0"
"85.8735","0"
"85.8784","0"
"85.8833","0"
"85.8882","0"
"85.8931","0"
"85.898","0"
"85.90505263","0"
"85.91010526","0"
"85.91515789","0"
"85.92021053","0"
"85.92526316","0"
"85.93031579","0"
"85.93536842","0"
"85.94042105","0"
"85.94547368","0"
"85.95052632","0"
"85.95557895","0"
"85.96063158","0"
"85.96568421","0"
"85.97073684","0"
"85.97578947","0"
"85.98084211","0"
"85.98589474","0"
"85.99094737","0"
"85.996","0"
"86","0"
"86.0049","0"
"86.0098","0"
"86.0147","0"
"86.0196","0"
"86.0245","0"
"86.0294","0"
"86.0343","0"
"86.0392","0"
"86.0441","0"
"86.049","0"
"86.0539","0"
"86.0588","0"
"86.0637","0"
"86.0686","0"
"86.0735","0"
"86.0784","0"
"86.0833","0"
"86.0882","0"
"86.0931","0"
"86.098","0"
"86.10505263","0"
"86.11010526","0"
"86.11515789","0"
"86.12021053","0"
"86.12526316","0"
"86.13031579","0"
"86.13536842","0"
"86.14042105","0"
"86.14547368","0"
"86.15052632","0"
"86.15557895","0"
"86.16063158","0"
"86.16568421","0"
"86.17073684","0"
"86.17578947","0"
"86.18084211","0"
"86.18589474","0"
"86.19094737","0"
"86.196","0"
"86.2","0"
"86.20495","0"
"86.2099","0"
"86.21485","0"
"86.2198","0"
"86.22475","0"
"86.2297","0"
"86.23465","0"
"86.2396","0"
"86.24455","0"
"86.2495","0"
"86.25445","0"
"86.2594","0"
"86.26435","0"
"86.2693","0"
"86.27425","0"
"86.2792","0"
"86.28415","0"
"86.2891","0"
"86.29405","0"
"86.299","0"
"86.3048","0"
"86.3096","0"
"86.3144","0"
"86.3192","0"
"86.324","0"
"86.3288","0"
"86.3336","0"
"86.3384","0"
"86.3432","0"
"86.348","0"
"86.3528","0"
"86.3576","0"
"86.3624","0"
"86.3672","0"
"86.372","0"
"86.3768","0"
"86.3816","0"
"86.3864","0"
"86.3912","0"
"86.396","0"
"86.4047","0"
"86.4094","0"
"86.4141","0"
"86.4188","0"
"86.4235","0"
"86.4282","0"
"86.4329","0"
"86.4376","0"
"86.4423","0"
"86.447","0"
"86.4517","0"
"86.4564","0"
"86.4611","0"
"86.4658","0"
"86.4705","0"
"86.4752","0"
"86.4799","0"
"86.4846","0"
"86.4893","0"
"86.494","0"
"86.50465","0"
"86.5093","0"
"86.51395","0"
"86.5186","0"
"86.52325","0"
"86.5279","0"
"86.53255","0"
"86.5372","0"
"86.54185","0"
"86.5465","0"
"86.55115","0"
"86.5558","0"
"86.56045","0"
"86.5651","0"
"86.56975","0"
"86.5744","0"
"86.57905","0"
"86.5837","0"
"86.58835","0"
"86.593","0"
"86.60471429","0"
"86.60942857","0"
"86.61414286","0"
"86.61885714","0"
"86.62357143","0"
"86.62828571","0"
"86.633","0"
"86.63771429","0"
"86.64242857","0"
"86.64714286","0"
"86.65185714","0"
"86.65657143","0"
"86.66128571","0"
"86.666","0"
"86.67071429","0"
"86.67542857","0"
"86.68014286","0"
"86.68485714","0"
"86.68957143","0"
"86.69428571","0"
"86.699","0"
"86.70489474","0"
"86.70978947","0"
"86.71468421","0"
"86.71957895","0"
"86.72447368","0"
"86.72936842","0"
"86.73426316","0"
"86.73915789","0"
"86.74405263","0"
"86.74894737","0"
"86.75384211","0"
"86.75873684","0"
"86.76363158","0"
"86.76852632","0"
"86.77342105","0"
"86.77831579","0"
"86.78321053","0"
"86.78810526","0"
"86.793","0"
"86.8046","0"
"86.8092","0"
"86.8138","0"
"86.8184","0"
"86.823","0"
"86.8276","0"
"86.8322","0"
"86.8368","0"
"86.8414","0"
"86.846","0"
"86.8506","0"
"86.8552","0"
"86.8598","0"
"86.8644","0"
"86.869","0"
"86.8736","0"
"86.8782","0"
"86.8828","0"
"86.8874","0"
"86.892","0"
"86.9","0"
"86.90494737","0"
"86.90989474","0"
"86.91484211","0"
"86.91978947","0"
"86.92473684","0"
"86.92968421","0"
"86.93463158","0"
"86.93957895","0"
"86.94452632","0"
"86.94947368","0"
"86.95442105","0"
"86.95936842","0"
"86.96431579","0"
"86.96926316","0"
"86.97421053","0"
"86.97915789","0"
"86.98410526","0"
"86.98905263","0"
"86.994","0"
"87.0046","0"
"87.0092","0"
"87.0138","0"
"87.0184","0"
"87.023","0"
"87.0276","0"
"87.0322","0"
"87.0368","0"
"87.0414","0"
"87.046","0"
"87.0506","0"
"87.0552","0"
"87.0598","0"
"87.0644","0"
"87.069","0"
"87.0736","0"
"87.0782","0"
"87.0828","0"
"87.0874","0"
"87.092","0"
"87.1","0"
"87.10478947","0"
"87.10957895","0"
"87.11436842","0"
"87.11915789","0"
"87.12394737","0"
"87.12873684","0"
"87.13352632","0"
"87.13831579","0"
"87.14310526","0"
"87.14789474","0"
"87.15268421","0"
"87.15747368","0"
"87.16226316","0"
"87.16705263","0"
"87.17184211","0"
"87.17663158","0"
"87.18142105","0"
"87.18621053","0"
"87.191","0"
"87.20465","0"
"87.2093","0"
"87.21395","0"
"87.2186","0"
"87.22325","0"
"87.2279","0"
"87.23255","0"
"87.2372","0"
"87.24185","0"
"87.2465","0"
"87.25115","0"
"87.2558","0"
"87.26045","0"
"87.2651","0"
"87.26975","0"
"87.2744","0"
"87.27905","0"
"87.2837","0"
"87.28835","0"
"87.293","0"
"87.30471429","0"
"87.30942857","0"
"87.31414286","0"
"87.31885714","0"
"87.32357143","0"
"87.32828571","0"
"87.333","0"
"87.33771429","0"
"87.34242857","0"
"87.34714286","0"
"87.35185714","0"
"87.35657143","0"
"87.36128571","0"
"87.366","0"
"87.37071429","0"
"87.37542857","0"
"87.38014286","0"
"87.38485714","0"
"87.38957143","0"
"87.39428571","0"
"87.399","0"
"87.40494737","0"
"87.40989474","0"
"87.41484211","0"
"87.41978947","0"
"87.42473684","0"
"87.42968421","0"
"87.43463158","0"
"87.43957895","0"
"87.44452632","0"
"87.44947368","0"
"87.45442105","0"
"87.45936842","0"
"87.46431579","0"
"87.46926316","0"
"87.47421053","0"
"87.47915789","0"
"87.48410526","0"
"87.48905263","0"
"87.494","0"
"87.5046","0"
"87.5092","0"
"87.5138","0"
"87.5184","0"
"87.523","0"
"87.5276","0"
"87.5322","0"
"87.5368","0"
"87.5414","0"
"87.546","0"
"87.5506","0"
"87.5552","0"
"87.5598","0"
"87.5644","0"
"87.569","0"
"87.5736","0"
"87.5782","0"
"87.5828","0"
"87.5874","0"
"87.592","0"
"87.6","0"
"87.60494737","0"
"87.60989474","0"
"87.61484211","0"
"87.61978947","0"
"87.62473684","0"
"87.62968421","0"
"87.63463158","0"
"87.63957895","0"
"87.64452632","0"
"87.64947368","0"
"87.65442105","0"
"87.65936842","0"
"87.66431579","0"
"87.66926316","0"
"87.67421053","0"
"87.67915789","0"
"87.68410526","0"
"87.68905263","0"
"87.694","0"
"87.70465","0"
"87.7093","0"
"87.71395","0"
"87.7186","0"
"87.72325","0"
"87.7279","0"
"87.73255","0"
"87.7372","0"
"87.74185","0"
"87.7465","0"
"87.75115","0"
"87.7558","0"
"87.76045","0"
"87.7651","0"
"87.76975","0"
"87.7744","0"
"87.77905","0"
"87.7837","0"
"87.78835","0"
"87.793","0"
"87.80475","0"
"87.8095","0"
"87.81425","0"
"87.819","0"
"87.82375","0"
"87.8285","0"
"87.83325","0"
"87.838","0"
"87.84275","0"
"87.8475","0"
"87.85225","0"
"87.857","0"
"87.86175","0"
"87.8665","0"
"87.87125","0"
"87.876","0"
"87.88075","0"
"87.8855","0"
"87.89025","0"
"87.895","0"
"87.9047","0"
"87.9094","0"
"87.9141","0"
"87.9188","0"
"87.9235","0"
"87.9282","0"
"87.9329","0"
"87.9376","0"
"87.9423","0"
"87.947","0"
"87.9517","0"
"87.9564","0"
"87.9611","0"
"87.9658","0"
"87.9705","0"
"87.9752","0"
"87.9799","0"
"87.9846","0"
"87.9893","0"
"87.994","0"
"88.0048","0"
"88.0096","0"
"88.0144","0"
"88.0192","0"
"88.024","0"
"88.0288","0"
"88.0336","0"
"88.0384","0"
"88.0432","0"
"88.048","0"
"88.0528","0"
"88.0576","0"
"88.0624","0"
"88.0672","0"
"88.072","0"
"88.0768","0"
"88.0816","0"
"88.0864","0"
"88.0912","0"
"88.096","0"
"88.1047","0"
"88.1094","0"
"88.1141","0"
"88.1188","0"
"88.1235","0"
"88.1282","0"
"88.1329","0"
"88.1376","0"
"88.1423","0"
"88.147","0"
"88.1517","0"
"88.1564","0"
"88.1611","0"
"88.1658","0"
"88.1705","0"
"88.1752","0"
"88.1799","0"
"88.1846","0"
"88.1893","0"
"88.194","0"
"88.2048","0"
"88.2096","0"
"88.2144","0"
"88.2192","0"
"88.224","0"
"88.2288","0"
"88.2336","0"
"88.2384","0"
"88.2432","0"
"88.248","0"
"88.2528","0"
"88.2576","0"
"88.2624","0"
"88.2672","0"
"88.272","0"
"88.2768","0"
"88.2816","0"
"88.2864","0"
"88.2912","0"
"88.296","0"
"88.30475","0"
"88.3095","0"
"88.31425","0"
"88.319","0"
"88.32375","0"
"88.3285","0"
"88.33325","0"
"88.338","0"
"88.34275","0"
"88.3475","0"
"88.35225","0"
"88.357","0"
"88.36175","0"
"88.3665","0"
"88.37125","0"
"88.376","0"
"88.38075","0"
"88.3855","0"
"88.39025","0"
"88.395","0"
"88.40485","0"
"88.4097","0"
"88.41455","0"
"88.4194","0"
"88.42425","0"
"88.4291","0"
"88.43395","0"
"88.4388","0"
"88.44365","0"
"88.4485","0"
"88.45335","0"
"88.4582","0"
"88.46305","0"
"88.4679","0"
"88.47275","0"
"88.4776","0"
"88.48245","0"
"88.4873","0"
"88.49215","0"
"88.497","0"
"88.5048","0"
"88.5096","0"
"88.5144","0"
"88.5192","0"
"88.524","0"
"88.5288","0"
"88.5336","0"
"88.5384","0"
"88.5432","0"
"88.548","0"
"88.5528","0"
"88.5576","0"
"88.5624","0"
"88.5672","0"
"88.572","0"
"88.5768","0"
"88.5816","0"
"88.5864","0"
"88.5912","0"
"88.596","0"
"88.6047","0"
"88.6094","0"
"88.6141","0"
"88.6188","0"
"88.6235","0"
"88.6282","0"
"88.6329","0"
"88.6376","0"
"88.6423","0"
"88.647","0"
"88.6517","0"
"88.6564","0"
"88.6611","0"
"88.6658","0"
"88.6705","0"
"88.6752","0"
"88.6799","0"
"88.6846","0"
"88.6893","0"
"88.694","0"
"88.7048","0"
"88.7096","0"
"88.7144","0"
"88.7192","0"
"88.724","0"
"88.7288","0"
"88.7336","0"
"88.7384","0"
"88.7432","0"
"88.748","0"
"88.7528","0"
"88.7576","0"
"88.7624","0"
"88.7672","0"
"88.772","0"
"88.7768","0"
"88.7816","0"
"88.7864","0"
"88.7912","0"
"88.796","0"
"88.80475","0"
"88.8095","0"
"88.81425","0"
"88.819","0"
"88.82375","0"
"88.8285","0"
"88.83325","0"
"88.838","0"
"88.84275","0"
"88.8475","0"
"88.85225","0"
"88.857","0"
"88.86175","0"
"88.8665","0"
"88.87125","0"
"88.876","0"
"88.88075","0"
"88.8855","0"
"88.89025","0"
"88.895","0"
"88.90485","0"
"88.9097","0"
"88.91455","0"
"88.9194","0"
"88.92425","0"
"88.9291","0"
"88.93395","0"
"88.9388","0"
"88.94365","0"
"88.9485","0"
"88.95335","0"
"88.9582","0"
"88.96305","0"
"88.9679","0"
"88.97275","0"
"88.9776","0"
"88.98245","0"
"88.9873","0"
"88.99215","0"
"88.997","0"
"89.00475","0"
"89.0095","0"
"89.01425","0"
"89.019","0"
"89.02375","0"
"89.0285","0"
"89.03325","0"
"89.038","0"
"89.04275","0"
"89.0475","0"
"89.05225","0"
"89.057","0"
"89.06175","0"
"89.0665","0"
"89.07125","0"
"89.076","0"
"89.08075","0"
"89.0855","0"
"89.09025","0"
"89.095","0"
"89.1049","0"
"89.1098","0"
"89.1147","0"
"89.1196","0"
"89.1245","0"
"89.1294","0"
"89.1343","0"
"89.1392","0"
"89.1441","0"
"89.149","0"
"89.1539","0"
"89.1588","0"
"89.1637","0"
"89.1686","0"
"89.1735","0"
"89.1784","0"
"89.1833","0"
"89.1882","0"
"89.1931","0"
"89.198","0"
"89.2048","0"
"89.2096","0"
"89.2144","0"
"89.2192","0"
"89.224","0"
"89.2288","0"
"89.2336","0"
"89.2384","0"
"89.2432","0"
"89.248","0"
"89.2528","0"
"89.2576","0"
"89.2624","0"
"89.2672","0"
"89.272","0"
"89.2768","0"
"89.2816","0"
"89.2864","0"
"89.2912","0"
"89.296","0"
"89.3049","0"
"89.3098","0"
"89.3147","0"
"89.3196","0"
"89.3245","0"
"89.3294","0"
"89.3343","0"
"89.3392","0"
"89.3441","0"
"89.349","0"
"89.3539","0"
"89.3588","0"
"89.3637","0"
"89.3686","0"
"89.3735","0"
"89.3784","0"
"89.3833","0"
"89.3882","0"
"89.3931","0"
"89.398","0"
"89.40485","0"
"89.4097","0"
"89.41455","0"
"89.4194","0"
"89.42425","0"
"89.4291","0"
"89.43395","0"
"89.4388","0"
"89.44365","0"
"89.4485","0"
"89.45335","0"
"89.4582","0"
"89.46305","0"
"89.4679","0"
"89.47275","0"
"89.4776","0"
"89.48245","0"
"89.4873","0"
"89.49215","0"
"89.497","0"
"89.50495","0"
"89.5099","0"
"89.51485","0"
"89.5198","0"
"89.52475","0"
"89.5297","0"
"89.53465","0"
"89.5396","0"
"89.54455","0"
"89.5495","0"
"89.55445","0"
"89.5594","0"
"89.56435","0"
"89.5693","0"
"89.57425","0"
"89.5792","0"
"89.58415","0"
"89.5891","0"
"89.59405","0"
"89.599","0"
"89.60485","0"
"89.6097","0"
"89.61455","0"
"89.6194","0"
"89.62425","0"
"89.6291","0"
"89.63395","0"
"89.6388","0"
"89.64365","0"
"89.6485","0"
"89.65335","0"
"89.6582","0"
"89.66305","0"
"89.6679","0"
"89.67275","0"
"89.6776","0"
"89.68245","0"
"89.6873","0"
"89.69215","0"
"89.697","0"
"89.7048","0"
"89.7096","0"
"89.7144","0"
"89.7192","0"
"89.724","0"
"89.7288","0"
"89.7336","0"
"89.7384","0"
"89.7432","0"
"89.748","0"
"89.7528","0"
"89.7576","0"
"89.7624","0"
"89.7672","0"
"89.772","0"
"89.7768","0"
"89.7816","0"
"89.7864","0"
"89.7912","0"
"89.796","0"
"89.8047","0"
"89.8094","0"
"89.8141","0"
"89.8188","0"
"89.8235","0"
"89.8282","0"
"89.8329","0"
"89.8376","0"
"89.8423","0"
"89.847","0"
"89.8517","0"
"89.8564","0"
"89.8611","0"
"89.8658","0"
"89.8705","0"
"89.8752","0"
"89.8799","0"
"89.8846","0"
"89.8893","0"
"89.894","0"
"89.90465","0"
"89.9093","0"
"89.91395","0"
"89.9186","0"
"89.92325","0"
"89.9279","0"
"89.93255","0"
"89.9372","0"
"89.94185","0"
"89.9465","0"
"89.95115","0"
"89.9558","0"
"89.96045","0"
"89.9651","0"
"89.96975","0"
"89.9744","0"
"89.97905","0"
"89.9837","0"
"89.98835","0"
"89.993","0"
"90.005","0"
"90.005","0"
"90.013","0"
"90.013","0"
"90.021","0"
"90.025","0"
"90.033","0"
"90.033","0"
"90.042","0"
"90.046","0"
"90.054","0"
"90.054","0"
"90.062","0"
"90.062","0"
"90.074","0"
"90.074","0"
"90.081","0"
